examples/flood/gust-0363.asc
ncols         301
nrows         401
xllcorner     110.974998474
yllcorner     -52.5250015259
cellsize      0.0500030517578
NODATA_value  -9999.0
[rows 76 to 113 of 401, columns 84 to 167 of 301]
26.53 26.34 26.13 25.89 25.63 25.35 25.06 24.76 24.45 24.12 23.80 23.46 23.13 22.79 22.45 22.11 21.91 21.79 21.64 21.46 21.26 21.05 21.06 21.40 21.73 22.05 22.36 22.65 22.93 23.18 23.41 23.61 23.78 23.92 24.02 24.08 24.13 24.16 24.15 24.25 24.47 24.63 24.74 24.78 24.77 24.69 24.55 24.36 24.12 23.84 23.53 23.18 22.82 22.43 22.03 21.63 21.53 22.28 22.98 23.62 24.17 24.63 24.96 25.18 25.26 25.22 25.12 25.37 26.16 26.74 27.05 27.07 28.06 28.77 28.88 28.48 30.50 32.37 32.55 32.42 33.85 35.63 35.77 35.96
27.35 27.14 26.90 26.64 26.35 26.05 25.73 25.40 25.06 24.71 24.35 23.99 23.63 23.26 23.06 22.98 22.86 22.71 22.53 22.32 22.09 21.84 21.61 21.98 22.34 22.70 23.04 23.37 23.67 23.96 24.21 24.44 24.63 24.79 24.90 24.98 25.07 25.10 25.09 25.38 25.63 25.82 25.93 25.98 25.95 25.85 25.68 25.46 25.17 24.85 24.48 24.08 23.66 23.22 22.77 22.31 22.91 23.76 24.56 25.29 25.92 26.43 26.79 27.00 27.05 27.05 26.92 26.75 27.74 28.53 28.98 29.01 28.68 29.96 30.58 30.25 31.37 33.95 34.29 33.62 35.96 36.71 36.00 34.89
28.23 27.99 27.72 27.43 27.12 26.78 26.43 26.07 25.72 25.36 24.98 24.59 24.21 24.20 24.14 24.04 23.89 23.71 23.49 23.24 22.97 22.68 22.37 22.59 22.99 23.38 23.76 24.13 24.47 24.79 25.08 25.33 25.55 25.73 25.86 25.99 26.08 26.13 26.25 26.61 26.90 27.12 27.25 27.29 27.25 27.12 26.92 26.65 26.31 25.92 25.50 25.04 24.55 24.05 23.54 23.40 24.40 25.37 26.29 27.12 27.84 28.41 28.80 29.01 29.02 29.06 28.88 28.77 28.82 29.80 30.71 30.92 30.54 30.41 31.97 31.86 32.85 35.50 35.76 36.30 37.22 37.04 35.99 34.52
29.16 28.90 28.60 28.27 27.92 27.62 27.28 26.92 26.53 26.13 25.71 25.39 25.43 25.40 25.32 25.19 25.00 24.78 24.51 24.22 23.90 23.56 23.21 23.23 23.67 24.11 24.53 24.94 25.32 25.68 26.01 26.30 26.54 26.74 26.91 27.08 27.19 27.24 27.56 27.97 28.31 28.55 28.70 28.74 28.68 28.52 28.27 27.94 27.54 27.09 26.58 26.05 25.49 24.92 24.35 24.84 25.98 27.09 28.13 29.08 29.89 30.53 30.98 31.20 31.17 31.14 30.94 30.70 30.85 30.63 31.84 32.61 32.32 31.44 33.12 33.26 35.06 36.99 36.86 37.20 37.24 36.58 35.44 34.06
30.16 29.86 29.53 29.25 28.95 28.61 28.23 27.82 27.39 26.94 26.64 26.73 26.76 26.71 26.60 26.43 26.20 25.93 25.62 25.27 24.89 24.50 24.09 23.98 24.38 24.87 25.34 25.79 26.23 26.63 27.00 27.33 27.62 27.85 28.08 28.28 28.40 28.46 28.98 29.47 29.86 30.14 30.30 30.34 30.26 30.06 29.76 29.36 28.88 28.34 27.75 27.12 26.48 25.83 25.39 26.35 27.63 28.88 30.03 31.06 31.95 32.68 33.21 33.47 33.44 33.10 32.97 32.49 32.66 32.61 32.17 33.94 33.90 32.92 34.28 34.77 37.28 38.12 37.44 36.54 36.28 35.57 34.52 33.30
31.23 30.92 30.69 30.40 30.06 29.67 29.24 28.78 28.29 27.93 28.11 28.21 28.22 28.15 28.00 27.79 27.51 27.17 26.80 26.38 25.94 25.48 25.01 25.07 25.31 25.66 26.19 26.70 27.19 27.66 28.08 28.46 28.78 29.05 29.36 29.58 29.73 29.88 30.54 31.11 31.57 31.90 32.09 32.12 32.01 31.76 31.39 30.90 30.32 29.68 28.98 28.26 27.52 26.92 27.31 27.88 29.31 30.65 31.84 32.84 33.71 34.49 35.18 35.63 35.70 35.34 34.73 34.40 33.86 34.36 33.84 34.98 35.22 34.16 35.86 37.61 38.62 38.49 37.42 35.91 34.88 34.26 33.38 32.35
32.45 32.25 31.99 31.65 31.26 30.81 30.32 29.80 29.28 29.54 29.74 29.83 29.83 29.73 29.54 29.27 28.92 28.52 28.06 27.57 27.06 26.52 25.98 26.27 26.55 26.77 27.09 27.67 28.23 28.75 29.24 29.68 30.05 30.40 30.75 31.02 31.19 31.46 32.24 32.92 33.46 33.85 34.07 34.10 33.96 33.64 33.17 32.58 31.88 31.11 30.41 29.90 29.27 28.96 29.38 29.98 30.93 32.27 33.27 33.88 34.33 35.02 36.10 37.17 37.70 37.51 36.72 36.02 35.30 35.73 35.48 36.01 36.25 36.70 37.83 38.59 38.67 38.01 36.85 35.42 33.91 32.86 32.16 31.31
33.93 33.71 33.39 33.01 32.55 32.04 31.50 30.94 30.99 31.32 31.54 31.64 31.61 31.47 31.23 30.88 30.46 29.96 29.42 28.84 28.23 27.61 27.17 27.56 27.89 28.16 28.35 28.71 29.33 29.93 30.49 31.00 31.44 31.87 32.29 32.60 32.80 33.17 34.10 34.90 35.55 36.01 36.27 36.30 36.11 35.71 35.13 34.40 33.56 33.01 32.56 31.94 31.18 31.23 31.53 32.16 32.64 33.57 33.90 34.65 35.34 35.83 35.96 37.15 38.99 39.39 38.69 37.38 36.79 36.80 36.86 37.08 36.93 37.02 37.63 37.93 37.68 36.96 35.89 34.62 33.28 31.96 30.92 30.24
35.56 35.30 34.93 34.48 33.94 33.40 32.80 32.41 32.91 33.30 33.54 33.64 33.59 33.40 33.08 32.65 32.12 31.52 30.87 30.28 29.74 29.13 28.51 28.97 29.37 29.68 29.91 30.05 30.58 31.20 31.85 32.44 32.95 33.48 33.98 34.35 34.59 35.00 36.10 37.06 37.84 38.39 38.69 38.71 38.46 37.97 37.25 36.36 35.90 35.41 34.88 34.13 33.22 33.54 33.87 34.09 34.58 34.99 35.23 35.16 36.18 37.30 37.95 37.86 39.25 40.84 40.41 39.01 38.00 37.87 37.96 37.84 37.19 37.00 36.30 36.48 36.22 35.59 34.69 33.63 32.48 31.32 30.19 29.19
37.36 37.04 36.61 36.07 35.52 34.89 34.20 34.45 35.04 35.49 35.76 35.86 35.78 35.52 35.11 34.57 33.93 33.22 32.80 32.26 31.61 30.89 30.11 30.51 30.98 31.36 31.64 31.81 32.03 32.69 33.31 34.00 34.61 35.25 35.83 36.28 36.57 36.94 38.23 39.37 40.29 40.94 41.29 41.31 41.01 40.40 39.52 38.84 38.38 37.87 37.28 36.43 35.36 35.57 35.87 36.13 36.24 36.06 36.82 37.19 36.93 37.06 39.12 39.75 39.18 41.90 41.82 40.35 38.93 39.04 38.74 37.88 36.80 35.99 35.09 34.81 34.62 34.13 33.41 32.54 31.58 30.59 29.60 28.64
39.34 38.96 38.45 37.88 37.24 36.50 35.84 36.69 37.39 37.91 38.23 38.32 38.20 37.86 37.34 36.67 35.91 35.58 35.08 34.43 33.65 32.79 32.08 32.18 32.75 33.21 33.55 33.76 33.84 34.36 35.05 35.70 36.50 37.22 37.88 38.42 38.77 39.30 40.44 41.76 42.81 43.55 43.94 43.97 43.63 42.92 41.89 41.16 40.79 40.09 39.59 38.72 37.55 37.22 36.56 37.15 37.86 38.15 37.79 38.49 38.86 38.17 39.18 41.15 40.96 42.92 42.91 41.33 39.57 39.94 39.05 37.37 35.99 34.56 33.73 33.16 33.04 32.67 32.12 31.42 30.63 29.79 28.94 28.10
41.54 41.08 40.50 39.87 39.11 38.24 38.13 39.14 39.97 40.58 40.94 41.03 40.86 40.43 39.77 38.94 38.56 38.17 37.57 36.79 35.86 34.83 34.45 34.57 34.69 35.25 35.67 35.92 35.99 36.19 37.00 37.69 38.56 39.43 40.13 40.78 41.20 41.76 42.75 44.06 45.15 45.87 46.26 46.34 46.07 45.37 44.24 42.78 42.78 42.21 41.46 40.83 39.63 39.22 38.81 37.83 37.83 39.51 39.82 39.02 40.36 40.01 38.94 42.18 42.43 44.02 43.61 41.86 40.48 40.12 38.82 37.08 35.22 33.58 32.42 32.38 31.70 31.30 30.87 30.32 29.68 28.98 28.26 27.53
43.97 43.41 42.81 42.05 41.14 40.11 40.57 41.76 42.73 43.44 43.85 43.95 43.73 43.20 42.39 41.60 41.41 40.96 40.25 39.33 38.22 37.20 37.06 37.22 37.37 37.50 38.01 38.32 38.41 38.58 39.13 39.96 40.78 41.83 42.66 43.35 43.86 44.14 45.14 45.94 46.72 47.01 47.19 47.49 47.69 47.37 46.38 44.83 43.76 44.00 43.02 42.52 41.53 40.31 40.72 39.95 38.50 39.84 41.44 40.96 41.49 41.57 40.15 43.27 43.99 44.84 43.81 41.91 40.39 39.47 38.06 36.40 34.67 32.98 32.94 32.93 31.88 30.51 29.70 29.27 28.75 28.17 27.56 26.93
46.65 46.04 45.34 44.42 43.33 42.24 43.13 44.48 45.56 46.35 46.81 46.94 46.71 46.10 45.14 44.51 44.31 43.82 43.04 41.99 40.71 40.03 39.86 40.06 40.24 40.17 40.58 40.96 41.07 41.23 41.44 42.44 43.21 44.39 45.38 46.11 46.72 46.95 46.80 47.31 47.44 47.55 47.92 48.25 48.02 48.30 48.00 46.60 44.95 45.18 44.69 43.63 43.14 41.49 42.14 41.84 40.37 39.88 42.75 42.65 42.68 42.86 42.61 44.56 45.29 44.87 43.42 41.48 39.41 38.24 36.92 35.43 33.89 34.19 34.16 33.28 32.06 30.77 29.51 28.34 27.86 27.38 26.86 26.32
49.58 48.94 48.10 46.98 45.69 45.04 46.04 47.10 48.18 48.91 49.38 49.61 49.50 48.94 47.91 47.07 46.84 46.45 45.74 44.66 43.23 42.90 42.73 42.96 43.14 43.08 43.34 43.80 43.94 44.08 44.16 45.08 46.01 47.04 48.18 48.95 49.59 49.85 49.69 49.20 48.96 48.96 49.14 48.47 48.94 48.73 48.85 47.95 46.44 45.91 46.00 44.36 44.45 42.80 43.25 43.49 41.99 40.94 44.14 44.08 44.09 44.15 44.89 45.60 45.06 44.04 42.47 40.64 38.72 36.84 35.56 34.28 32.94 35.10 35.30 34.32 32.96 31.53 30.15 28.88 27.72 26.66 26.19 25.73
52.73 52.04 51.03 49.70 48.41 47.98 48.74 49.35 49.88 50.08 50.34 50.92 51.44 51.37 50.50 49.29 48.62 48.10 47.94 47.12 45.69 45.41 45.26 45.52 45.62 45.63 46.19 46.70 46.85 46.99 47.07 47.82 48.88 49.58 50.76 51.49 52.03 52.26 52.14 51.64 50.65 50.32 50.07 50.29 49.13 49.67 49.02 48.83 47.53 46.75 47.02 45.30 45.51 43.78 44.60 44.93 43.29 43.45 45.72 45.17 45.33 45.07 46.10 45.80 44.39 42.58 41.13 39.48 37.78 36.09 34.47 33.04 33.35 35.85 36.06 35.00 33.54 32.01 30.57 29.24 28.03 26.94 25.96 25.14
55.95 55.19 54.03 52.65 51.22 50.67 50.67 50.81 50.64 51.07 51.54 51.46 51.21 52.74 52.64 51.26 50.63 49.49 48.93 49.09 47.93 47.03 47.10 46.70 47.33 48.05 48.86 49.29 49.39 49.60 49.61 50.45 51.54 52.18 53.11 53.76 54.00 53.89 53.37 53.11 52.61 51.33 50.98 51.35 50.70 50.00 49.74 49.32 48.27 47.95 47.74 46.62 46.29 44.34 46.34 46.10 44.20 46.37 47.05 46.18 45.82 46.26 46.04 45.04 43.47 41.60 39.64 38.14 36.66 35.18 33.74 32.54 34.54 36.49 36.42 35.26 33.75 32.21 30.74 29.40 28.18 27.09 26.10 25.20
58.90 58.00 56.86 55.51 53.98 52.18 52.24 52.10 52.39 52.36 51.47 52.77 52.74 52.54 54.08 53.15 51.95 51.39 49.44 50.34 49.84 48.52 47.92 48.68 49.67 50.25 50.70 50.73 51.11 51.01 51.18 52.58 53.28 54.02 54.72 54.77 54.68 54.80 54.88 54.38 53.28 52.84 51.78 51.83 51.84 50.31 50.34 49.50 48.68 49.02 47.99 47.79 46.62 46.99 47.93 46.79 47.66 48.27 47.51 46.40 45.38 45.32 44.70 43.59 42.12 40.44 38.68 36.94 35.45 34.17 32.90 33.33 35.75 36.78 36.30 35.07 33.60 32.10 30.68 29.37 28.18 27.10 26.12 25.24
60.76 60.05 59.05 57.76 56.42 54.50 53.61 53.20 53.23 53.53 53.53 52.95 54.18 53.34 54.91 54.61 52.81 52.91 50.97 51.10 51.40 49.58 49.31 50.79 51.07 51.50 51.57 52.00 51.85 51.07 52.88 53.58 54.14 54.87 53.97 52.24 53.00 54.02 54.08 54.99 54.61 53.48 52.34 52.35 52.58 50.95 50.61 49.66 49.73 49.27 48.79 48.09 48.68 49.30 48.88 49.14 49.12 48.42 46.99 45.25 43.94 43.40 42.79 41.80 40.52 39.07 37.55 36.02 34.53 33.12 32.76 34.91 36.25 36.42 35.69 34.48 33.11 31.72 30.39 29.15 28.02 26.98 26.04 25.18
60.77 60.96 60.29 59.27 58.19 56.38 55.61 54.25 54.45 53.76 54.88 54.18 55.04 54.87 55.71 55.66 53.89 54.11 52.08 52.15 52.73 50.84 51.17 52.34 52.26 51.66 52.82 52.67 51.88 52.45 53.79 53.72 54.91 54.00 51.39 51.53 52.03 53.17 54.40 54.73 55.19 54.13 53.03 53.18 52.94 51.52 50.43 50.27 50.04 50.43 50.52 50.57 50.42 49.66 48.84 48.83 48.30 47.24 45.71 43.87 42.26 41.21 40.71 39.89 38.83 37.62 36.32 35.00 33.69 32.62 34.05 35.20 37.10 37.19 36.07 34.58 33.04 31.59 30.25 29.04 27.94 26.96 26.07 25.26
62.81 61.19 61.12 60.04 59.02 57.84 56.75 56.07 55.02 55.17 55.68 55.53 55.94 56.03 56.78 56.32 55.36 54.97 52.69 53.84 53.82 51.66 52.68 53.44 52.89 52.88 53.45 53.35 53.35 53.52 53.99 54.22 54.99 52.91 51.75 51.82 52.40 52.21 54.53 55.00 55.02 54.82 53.31 53.85 52.79 51.36 49.74 49.32 49.18 50.04 50.40 50.28 49.66 48.51 47.05 46.98 46.42 45.40 44.03 42.41 40.66 39.19 38.66 38.00 37.14 36.14 35.05 33.92 32.78 34.07 33.93 36.12 37.93 37.73 36.49 34.93 33.35 31.86 30.50 29.27 28.16 27.16 26.25 25.43
63.88 62.68 61.38 61.11 59.46 58.74 57.28 57.42 55.73 56.24 56.53 56.58 57.22 56.82 57.73 56.44 56.63 55.28 54.07 55.57 54.99 52.49 53.82 54.51 53.45 53.70 53.98 53.95 55.24 54.78 54.10 54.53 54.96 53.21 52.16 52.28 52.88 52.93 54.60 55.27 55.37 55.10 54.00 53.65 52.00 50.25 48.37 47.31 47.28 48.14 48.51 48.37 47.73 46.63 45.17 44.68 44.20 43.34 42.17 40.80 39.31 37.77 36.73 36.22 35.53 34.71 33.80 32.84 33.11 35.16 35.19 37.46 38.36 37.76 36.44 34.90 33.35 31.89 30.55 29.34 28.24 27.24 26.34 25.53
64.16 63.80 62.62 61.73 59.79 59.21 57.99 58.40 56.99 57.00 57.69 57.09 58.39 58.32 57.82 57.65 56.88 56.06 56.93 56.35 56.51 55.94 54.84 55.69 54.28 55.33 54.77 55.92 56.94 55.50 54.54 55.04 55.20 53.48 53.07 53.28 53.76 53.34 55.06 55.96 55.66 55.06 53.62 52.43 50.60 48.44 46.63 44.85 45.06 45.79 46.11 45.99 45.44 44.50 43.26 42.36 41.97 41.27 40.32 39.17 37.91 36.59 35.25 34.56 34.01 33.34 32.58 31.77 33.77 36.03 36.76 38.04 38.11 37.26 35.96 34.52 33.07 31.69 30.41 29.25 28.18 27.22 26.34 25.54
64.79 64.44 63.43 61.94 59.75 59.32 59.20 59.03 58.30 57.66 58.64 59.22 58.76 58.73 58.86 58.65 58.53 58.33 57.51 56.85 57.06 58.20 57.73 56.52 56.85 56.34 57.75 58.48 57.61 55.45 55.01 55.71 55.38 54.33 54.05 54.33 54.55 54.48 55.78 56.65 55.65 54.62 52.24 50.50 48.76 46.78 44.72 42.90 42.81 43.42 43.69 43.59 43.14 42.36 41.33 40.18 39.87 39.31 38.53 37.59 36.53 35.40 34.24 33.08 32.59 32.05 32.37 33.05 34.93 36.75 37.12 37.53 37.19 36.31 35.14 33.84 32.54 31.28 30.10 29.01 28.01 27.09 26.24 25.47
65.20 64.65 63.79 61.62 60.19 58.96 60.34 59.28 59.44 59.76 59.92 59.30 57.81 57.75 58.42 58.66 58.78 58.80 58.52 58.60 58.74 58.59 59.51 59.85 59.89 59.94 59.75 58.82 57.03 56.14 56.92 56.23 56.24 55.54 55.10 55.15 55.09 56.27 56.96 56.56 55.34 53.61 51.15 48.46 46.68 44.97 43.18 41.38 40.69 41.19 41.41 41.33 40.96 40.33 39.49 38.47 37.94 37.49 36.85 36.07 35.19 34.23 33.23 32.21 31.29 30.84 32.72 34.27 36.16 37.12 36.57 36.23 35.83 35.07 34.07 32.97 31.83 30.72 29.66 28.66 27.73 26.87 26.07 25.33
65.71 65.00 63.58 60.77 59.92 61.00 60.48 59.84 59.89 59.45 58.89 57.70 55.93 55.34 56.14 56.44 57.69 58.36 58.45 58.02 58.47 58.71 58.53 59.46 59.81 59.61 58.83 58.42 58.29 58.03 57.15 56.16 56.12 56.83 56.91 56.90 57.15 57.34 56.83 55.41 54.02 52.02 49.65 47.15 44.68 43.09 41.56 40.00 38.74 39.15 39.32 39.26 38.97 38.45 37.76 36.91 36.19 35.82 35.30 34.66 33.91 33.10 32.23 31.35 30.46 30.95 33.08 35.36 36.74 36.88 36.08 34.82 34.29 33.68 32.88 31.96 31.00 30.04 29.10 28.21 27.36 26.57 25.83 25.14
65.39 64.75 62.63 61.46 61.57 60.94 59.39 59.17 58.58 57.37 56.45 55.26 53.64 52.56 53.31 54.11 55.35 56.07 56.23 55.80 56.28 56.58 56.29 57.20 57.58 57.35 57.76 58.01 57.75 56.97 56.00 56.00 55.71 55.87 56.48 56.81 56.74 56.20 55.10 53.51 51.96 50.01 47.84 45.59 43.37 41.23 39.93 38.60 37.25 37.30 37.44 37.40 37.15 36.73 36.16 35.45 34.64 34.31 33.88 33.34 32.71 32.02 31.27 30.50 31.42 33.04 34.63 35.83 36.29 35.99 35.15 34.00 32.74 32.26 31.63 30.90 30.10 29.29 28.47 27.68 26.93 26.21 25.53 24.89
64.90 63.32 60.97 60.85 60.30 59.14 57.39 56.68 56.03 54.86 53.57 52.55 51.17 49.83 50.45 51.56 52.62 53.25 53.39 53.02 53.50 53.76 53.57 54.39 54.71 54.51 55.35 55.65 55.39 54.60 53.83 53.73 53.43 53.59 54.13 54.50 54.36 53.72 52.60 51.08 49.50 47.77 45.86 43.88 41.92 40.01 38.33 37.19 36.03 35.63 35.75 35.71 35.52 35.17 34.69 34.09 33.41 32.93 32.57 32.12 31.59 31.00 30.66 31.29 31.66 33.13 34.39 36.50 36.47 35.27 33.93 32.95 31.87 30.87 30.40 29.82 29.18 28.49 27.80 27.11 26.44 25.80 25.18 24.59
62.80 61.03 58.79 58.30 57.68 56.53 54.93 53.69 53.12 52.12 50.77 49.85 48.71 47.34 47.85 49.02 49.89 50.40 50.50 50.20 50.67 50.89 50.86 51.54 51.81 51.75 52.48 52.74 52.52 51.83 50.98 50.86 50.60 50.74 51.21 51.54 51.41 50.84 49.87 48.56 47.00 45.45 43.82 42.11 40.39 38.70 37.08 35.83 34.83 34.12 34.23 34.20 34.03 33.74 33.34 32.84 32.25 31.67 31.38 31.00 30.55 30.04 30.92 32.47 32.86 32.93 35.79 36.90 36.42 35.14 33.59 32.02 30.88 29.94 29.22 28.77 28.25 27.69 27.11 26.51 25.93 25.36 24.80 24.27
59.93 58.29 56.31 55.20 54.66 53.66 52.30 50.70 50.24 49.42 48.30 47.30 46.36 45.22 45.65 46.60 47.31 47.72 47.79 47.53 48.01 48.18 48.30 48.86 49.08 49.02 49.61 49.82 49.64 49.06 48.14 47.95 47.73 47.87 48.26 48.54 48.44 47.96 47.15 46.07 44.77 43.33 41.81 40.33 38.84 37.36 35.92 34.53 33.65 32.78 32.85 32.83 32.69 32.45 32.11 31.68 31.18 30.62 30.28 29.96 29.58 29.85 30.34 32.87 34.06 35.18 36.53 36.69 35.89 34.60 33.14 31.67 30.26 29.05 28.25 27.76 27.35 26.89 26.41 25.90 25.39 24.89 24.40 23.92
57.66 55.41 53.74 52.10 51.65 50.84 49.71 48.35 47.53 46.87 45.95 44.93 44.17 43.22 43.59 44.37 44.94 45.26 45.32 45.15 45.56 45.70 45.95 46.40 46.58 46.48 46.92 47.09 46.94 46.46 45.70 45.22 45.04 45.16 45.49 45.72 45.64 45.26 44.60 43.70 42.62 41.41 40.12 38.78 37.44 36.12 34.83 33.60 32.52 31.76 31.61 31.59 31.48 31.27 30.98 30.61 30.18 29.69 29.28 29.01 29.27 30.77 32.09 33.41 34.90 35.75 36.13 35.89 34.91 33.73 32.41 31.09 29.80 28.60 27.48 26.81 26.49 26.12 25.72 25.29 24.85 24.41 23.98 23.55
55.28 53.04 51.20 49.65 48.83 48.17 47.25 46.13 45.04 44.51 43.77 42.85 42.14 41.36 41.68 42.32 42.79 43.04 43.08 43.02 43.35 43.45 43.80 44.18 44.33 44.24 44.47 44.60 44.47 44.08 43.45 42.73 42.57 42.68 42.95 43.14 43.08 42.77 42.24 41.50 40.60 39.59 38.49 37.34 36.17 35.01 33.86 32.75 31.67 30.78 30.48 30.47 30.37 30.19 29.94 29.63 29.25 28.83 28.36 28.33 29.00 30.64 32.12 33.37 35.58 35.56 36.42 35.93 34.60 33.00 31.49 30.33 29.19 28.11 27.09 26.13 25.67 25.38 25.04 24.69 24.31 23.93 23.55 23.17
52.89 50.96 49.02 47.47 46.25 45.72 44.96 44.03 42.96 42.36 41.75 40.99 40.29 39.63 39.93 40.46 40.84 41.04 41.07 41.08 41.35 41.44 41.86 42.17 42.30 42.23 42.25 42.35 42.24 41.91 41.39 40.70 40.35 40.44 40.65 40.81 40.77 40.52 40.08 39.47 38.73 37.87 36.94 35.95 34.93 33.91 32.89 31.89 30.91 29.97 29.45 29.44 29.36 29.21 28.99 28.72 28.39 28.02 28.98 30.06 30.45 30.64 31.42 34.39 36.20 36.25 36.35 35.48 34.13 32.60 31.07 29.61 28.48 27.52 26.60 25.73 24.92 24.67 24.40 24.10 23.78 23.45 23.12 22.78
50.56 48.92 47.23 45.54 44.22 43.47 42.85 42.08 41.18 40.40 39.90 39.27 38.59 38.04 38.33 38.77 39.08 39.24 39.25 39.33 39.55 39.70 40.10 40.36 40.47 40.41 40.24 40.32 40.23 39.96 39.52 38.93 38.34 38.41 38.57 38.71 38.68 38.48 38.12 37.62 36.99 36.27 35.47 34.62 33.74 32.84 31.93 31.04 30.16 29.30 28.51 28.50 28.43 28.30 28.11 27.87 27.94 27.77 29.03 30.60 31.87 32.90 33.91 35.70 36.56 36.03 35.58 34.59 33.32 31.92 30.53 29.19 27.93 26.86 26.05 25.27 24.53 24.00 23.78 23.53 23.27 22.98 22.69 22.39
48.35 46.94 45.48 44.01 42.54 41.44 40.93 40.28 39.52 38.68 38.21 37.68 37.05 36.57 36.86 37.22 37.48 37.61 37.62 37.74 37.93 38.17 38.51 38.73 38.82 38.77 38.60 38.50 38.42 38.19 37.82 37.32 36.72 36.59 36.71 36.83 36.80 36.64 36.34 35.92 35.40 34.78 34.10 33.37 32.60 31.80 31.00 30.20 29.40 28.62 27.86 27.64 27.58 27.47 27.30 27.26 28.75 29.74 30.12 30.45 31.65 33.33 35.25 36.38 36.32 35.38 34.31 33.39 32.27 31.05 29.81 28.61 27.47 26.40 25.45 24.76 24.10 23.47 23.19 22.99 22.76 22.52 22.27 22.01
46.26 45.06 43.79 42.51 41.21 39.93 39.16 38.62 37.98 37.26 36.66 36.22 35.68 35.22 35.51 35.82 36.03 36.14 36.14 36.30 36.46 36.77 37.06 37.25 37.33 37.29 37.14 36.88 36.78 36.58 36.27 35.85 35.33 34.94 35.05 35.12 35.11 34.97 34.72 34.37 33.93 33.41 32.82 32.18 31.51 30.81 30.10 29.38 28.66 27.95 27.26 26.85 26.80 26.70 27.05 28.11 28.87 30.42 31.70 32.78 33.87 34.98 35.80 35.97 35.46 34.45 33.18 32.02 31.08 30.04 28.98 27.92 26.90 25.93 25.02 24.22 23.63 23.06 22.63 22.47 22.28 22.08 21.86 21.63
44.31 43.28 42.18 41.06 39.91 38.77 37.64 37.09 36.55 35.93 35.26 34.87 34.41 33.98 34.27 34.54 34.71 34.80 34.80 34.99 35.16 35.49 35.75 35.91 35.98 35.94 35.82 35.60 35.30 35.13 34.86 34.49 34.05 33.53 33.55 33.58 33.57 33.46 33.25 32.96 32.58 32.13 31.62 31.07 30.48 29.86 29.23 28.58 27.94 27.29 26.66 26.12 26.61 27.45 28.10 28.57 29.46 30.05 31.52 32.80 33.84 34.57 34.90 34.75 34.16 33.24 32.13 30.93 29.83 28.97 28.07 27.16 26.27 25.40 24.58 23.81 23.15 22.64 22.15 21.97 21.82 21.65 21.46 21.26
42.57 41.60 40.66 39.67 38.66 37.64 36.62 35.69 35.22 34.69 34.11 33.63 33.23 32.84 33.14 33.36 33.51 33.58 33.60 33.79 34.03 34.32 34.54 34.68 34.74 34.72 34.61 34.42 34.15 33.82 33.57 33.26 32.87 32.41 32.18 32.18 32.18 32.08 31.91 31.66 31.33 30.95 30.51 30.02 29.50 28.96 28.39 27.82 27.23 26.65 26.07 26.85 27.86 28.72 29.44 29.99 30.28 30.84 31.66 32.46 33.30 33.94 34.05 33.54 32.64 31.87 30.95 29.93 28.89 27.89 27.14 26.36 25.59 24.83 24.09 23.39 22.72 22.20 21.76 21.50 21.38 21.23 21.08 20.90
