examples/flood/gust-0363.asc
ncols         301
nrows         401
xllcorner     110.974998474
yllcorner     -52.5250015259
cellsize      0.0500030517578
NODATA_value  -9999.0
[rows 152 to 189 of 401, columns 84 to 167 of 301]
11.77 11.94 12.13 12.32 12.53 12.75 12.97 13.21 13.47 13.74 14.02 14.33 14.65 15.08 15.93 16.84 17.81 18.83 19.87 20.91 21.91 22.83 23.65 24.39 25.09 25.69 26.12 26.25 26.40 27.07 28.16 29.93 31.74 33.41 34.87 36.64 37.84 37.68 36.83 38.45 39.32 39.22 38.71 39.91 40.56 40.77 41.58 42.13 42.40 42.32 41.80 40.83 39.51 37.99 36.37 34.75 33.19 32.00 30.98 29.97 28.98 28.03 27.12 26.26 25.44 24.67 23.94 23.26 22.61 22.00 21.43 20.89 20.38 19.95 19.66 19.37 19.10 18.83 18.57 18.32 18.07 17.84 17.61 17.39
11.89 12.07 12.25 12.45 12.66 12.88 13.11 13.36 13.61 13.89 14.18 14.48 14.81 15.64 16.56 17.55 18.61 19.72 20.86 21.95 22.93 23.71 24.29 24.80 25.49 26.40 27.24 27.67 27.60 27.87 29.06 30.13 31.95 33.75 35.27 36.78 38.35 39.24 39.17 38.52 39.80 40.75 41.25 41.59 41.93 42.05 41.62 40.83 40.72 40.52 39.94 39.02 37.86 36.53 35.12 33.70 32.30 30.97 29.90 29.02 28.15 27.31 26.49 25.70 24.95 24.24 23.56 22.92 22.31 21.74 21.20 20.68 20.19 19.73 19.40 19.14 18.88 18.63 18.38 18.14 17.91 17.69 17.47 17.26
12.00 12.18 12.37 12.57 12.78 13.01 13.24 13.49 13.75 14.02 14.32 14.63 15.28 16.18 17.17 18.24 19.38 20.58 21.79 22.88 23.70 23.98 23.69 23.86 24.90 25.46 27.32 28.62 28.94 28.50 29.65 31.15 32.10 33.57 35.24 36.61 38.08 39.43 40.28 40.63 40.72 40.74 41.19 41.67 41.78 41.46 40.69 40.10 39.45 38.41 37.89 37.11 36.13 35.00 33.80 32.57 31.35 30.16 29.02 28.08 27.32 26.57 25.84 25.13 24.44 23.79 23.16 22.56 21.99 21.45 20.94 20.45 19.98 19.54 19.15 18.90 18.66 18.42 18.19 17.96 17.74 17.53 17.33 17.12
12.10 12.29 12.48 12.68 12.90 13.12 13.36 13.61 13.87 14.15 14.44 14.86 15.73 16.68 17.73 18.87 20.10 21.38 22.64 23.68 24.14 23.89 24.12 24.91 26.20 26.71 26.25 28.85 29.95 29.70 30.25 31.41 32.87 33.98 34.79 36.01 37.21 38.59 39.66 40.34 40.62 40.51 40.01 40.24 40.29 39.92 39.17 38.50 37.84 36.88 35.86 35.23 34.42 33.48 32.47 31.41 30.35 29.30 28.28 27.31 26.49 25.83 25.18 24.54 23.92 23.32 22.74 22.19 21.66 21.15 20.67 20.20 19.76 19.34 18.94 18.66 18.43 18.21 17.99 17.78 17.57 17.37 17.18 16.98
12.20 12.39 12.58 12.79 13.00 13.23 13.46 13.72 13.98 14.26 14.55 15.22 16.13 17.13 18.23 19.43 20.73 22.09 23.40 24.40 24.45 24.71 24.94 25.71 27.24 28.36 28.52 28.79 30.67 30.67 31.30 32.37 33.81 34.37 34.86 35.56 35.99 37.24 38.23 38.89 39.18 39.06 38.55 38.36 38.40 38.08 37.44 36.61 36.04 35.21 34.20 33.44 32.78 32.01 31.16 30.26 29.34 28.42 27.52 26.64 25.80 25.10 24.52 23.95 23.39 22.84 22.31 21.80 21.31 20.83 20.38 19.94 19.53 19.13 18.74 18.41 18.20 18.00 17.79 17.59 17.40 17.21 17.02 16.84
12.29 12.48 12.68 12.88 13.10 13.32 13.56 13.81 14.08 14.36 14.70 15.54 16.47 17.51 18.65 19.90 21.26 22.68 24.06 25.09 25.04 25.47 26.06 26.18 27.85 29.38 30.48 31.01 31.34 32.01 33.17 34.37 34.99 34.67 33.94 34.40 34.66 35.68 36.53 37.10 37.34 37.24 36.80 36.43 36.47 36.22 35.70 34.97 34.23 33.56 32.72 31.78 31.24 30.61 29.90 29.13 28.34 27.54 26.75 25.97 25.21 24.47 23.87 23.36 22.85 22.36 21.87 21.40 20.95 20.51 20.08 19.67 19.28 18.90 18.54 18.19 17.98 17.78 17.59 17.40 17.22 17.04 16.86 16.69
12.38 12.57 12.76 12.97 13.18 13.41 13.65 13.90 14.16 14.44 14.95 15.81 16.76 17.81 18.97 20.25 21.65 23.13 24.59 25.77 26.06 26.03 27.10 27.24 27.99 29.65 31.14 32.36 33.30 34.10 34.77 35.14 34.97 34.25 33.14 32.86 33.23 34.11 34.81 35.28 35.48 35.40 35.04 34.61 34.65 34.46 34.04 33.45 32.71 31.97 31.28 30.49 29.82 29.29 28.70 28.05 27.37 26.68 25.98 25.28 24.60 23.94 23.30 22.80 22.33 21.88 21.43 21.00 20.58 20.17 19.78 19.39 19.02 18.67 18.32 17.99 17.75 17.57 17.39 17.21 17.04 16.87 16.71 16.54
12.46 12.64 12.84 13.05 13.26 13.49 13.73 13.98 14.24 14.52 15.15 16.01 16.97 18.02 19.19 20.48 21.88 23.38 24.91 26.29 27.14 26.87 27.64 28.63 29.04 29.33 30.83 32.16 33.23 34.01 34.45 34.48 34.09 33.32 32.29 31.29 31.87 32.61 33.18 33.56 33.73 33.66 33.37 32.94 32.98 32.83 32.51 32.03 31.42 30.71 29.94 29.27 28.54 28.07 27.57 27.02 26.44 25.84 25.22 24.61 24.00 23.40 22.81 22.29 21.84 21.40 21.00 20.60 20.21 19.84 19.47 19.11 18.76 18.43 18.10 17.79 17.52 17.35 17.19 17.02 16.86 16.70 16.54 16.39
12.53 12.71 12.91 13.12 13.33 13.56 13.79 14.04 14.30 14.58 15.30 16.15 17.10 18.14 19.30 20.57 21.95 23.44 24.98 26.49 27.77 28.51 28.65 28.93 30.01 30.84 31.83 32.64 32.65 32.87 33.20 33.17 32.79 32.12 31.24 30.24 30.59 31.20 31.67 31.99 32.12 32.07 31.83 31.43 31.47 31.36 31.10 30.71 30.21 29.62 28.96 28.27 27.54 26.93 26.51 26.05 25.55 25.02 24.49 23.94 23.39 22.85 22.32 21.80 21.38 20.98 20.58 20.20 19.85 19.50 19.15 18.82 18.50 18.18 17.87 17.58 17.30 17.14 16.99 16.83 16.68 16.53 16.38 16.24
12.59 12.78 12.97 13.18 13.39 13.62 13.85 14.10 14.36 14.63 15.39 16.24 17.16 18.18 19.30 20.52 21.86 23.29 24.79 26.31 27.75 28.99 29.93 30.63 31.31 32.00 32.47 33.15 32.69 31.63 31.69 31.67 31.37 30.83 30.11 29.27 29.39 29.90 30.30 30.56 30.67 30.63 30.43 30.10 30.10 30.02 29.81 29.49 29.08 28.59 28.03 27.43 26.80 26.16 25.53 25.13 24.70 24.25 23.77 23.29 22.80 22.32 21.84 21.36 20.93 20.56 20.20 19.84 19.49 19.16 18.84 18.53 18.23 17.93 17.64 17.36 17.09 16.93 16.79 16.64 16.50 16.36 16.22 16.08
12.65 12.83 13.03 13.23 13.45 13.67 13.90 14.14 14.40 14.69 15.44 16.26 17.16 18.14 19.20 20.37 21.63 22.97 24.38 25.82 27.23 28.53 29.66 30.57 31.26 32.21 33.23 33.26 32.48 31.30 30.18 30.19 29.96 29.54 28.96 28.28 28.29 28.72 29.05 29.26 29.36 29.32 29.16 28.89 28.87 28.81 28.64 28.38 28.04 27.62 27.15 26.63 26.09 25.52 24.95 24.37 23.90 23.50 23.09 22.66 22.23 21.79 21.36 20.93 20.50 20.15 19.82 19.49 19.16 18.85 18.53 18.24 17.96 17.68 17.41 17.14 16.89 16.72 16.59 16.45 16.32 16.19 16.06 15.93
12.70 12.89 13.08 13.28 13.49 13.71 13.94 14.18 14.43 14.71 15.44 16.23 17.09 18.02 19.03 20.12 21.32 22.88 24.51 26.13 27.64 28.94 30.05 31.13 32.17 32.92 33.12 32.71 31.84 30.73 29.52 28.79 28.64 28.31 27.86 27.30 27.27 27.63 27.91 28.09 28.17 28.15 28.01 27.78 27.76 27.71 27.58 27.36 27.08 26.72 26.32 25.88 25.40 24.90 24.39 23.88 23.36 22.85 22.43 22.06 21.67 21.28 20.88 20.49 20.10 19.75 19.45 19.14 18.84 18.55 18.26 17.97 17.69 17.43 17.17 16.92 16.68 16.51 16.39 16.27 16.14 16.02 15.90 15.77
12.74 12.93 13.12 13.32 13.53 13.74 13.97 14.21 14.45 14.71 15.39 16.15 16.96 17.84 18.78 19.96 21.34 22.83 24.39 25.97 27.52 28.95 30.20 31.22 31.94 32.28 32.19 31.69 30.89 29.91 28.85 27.78 27.41 27.17 26.81 26.36 26.33 26.64 26.88 27.03 27.10 27.08 26.97 26.78 26.75 26.71 26.61 26.43 26.19 25.89 25.54 25.16 24.74 24.31 23.85 23.39 22.92 22.46 22.00 21.54 21.13 20.78 20.42 20.07 19.71 19.36 19.08 18.80 18.52 18.25 17.98 17.71 17.45 17.19 16.94 16.70 16.47 16.31 16.19 16.08 15.96 15.85 15.73 15.62
12.78 12.97 13.15 13.35 13.56 13.77 13.99 14.22 14.46 14.72 15.32 16.03 16.80 17.62 18.70 19.91 21.20 22.58 24.01 25.46 26.88 28.19 29.32 30.21 30.78 31.00 30.88 30.44 29.77 28.95 28.05 27.12 26.29 26.11 25.83 25.46 25.47 25.74 25.94 26.07 26.13 26.12 26.02 25.86 25.83 25.81 25.72 25.57 25.37 25.11 24.82 24.48 24.12 23.73 23.33 22.91 22.49 22.07 21.65 21.23 20.82 20.42 20.03 19.65 19.32 19.00 18.72 18.46 18.21 17.96 17.71 17.46 17.21 16.97 16.73 16.50 16.28 16.11 16.00 15.90 15.79 15.68 15.57 15.47
12.82 13.00 13.18 13.38 13.58 13.79 14.01 14.23 14.47 14.72 15.20 15.88 16.63 17.59 18.63 19.75 20.94 22.18 23.47 24.76 26.00 27.14 28.12 28.87 29.35 29.54 29.46 29.12 28.59 27.93 27.18 26.39 25.60 25.14 24.92 24.63 24.68 24.91 25.09 25.20 25.25 25.24 25.16 25.02 24.99 24.98 24.91 24.78 24.61 24.39 24.14 23.84 23.52 23.18 22.82 22.45 22.07 21.69 21.31 20.92 20.54 20.17 19.80 19.45 19.10 18.76 18.43 18.13 17.90 17.67 17.43 17.20 16.97 16.75 16.53 16.31 16.09 15.91 15.81 15.71 15.61 15.51 15.41 15.31
12.84 13.02 13.20 13.40 13.59 13.80 14.01 14.24 14.47 14.71 15.07 15.79 16.62 17.52 18.49 19.51 20.59 21.71 22.84 23.97 25.04 26.02 26.85 27.49 27.92 28.10 28.06 27.82 27.42 26.89 26.28 25.62 24.95 24.26 24.08 23.85 23.95 24.15 24.30 24.40 24.45 24.44 24.37 24.25 24.22 24.22 24.16 24.06 23.91 23.72 23.50 23.24 22.96 22.66 22.34 22.01 21.66 21.32 20.96 20.61 20.26 19.92 19.58 19.24 18.91 18.59 18.28 17.98 17.68 17.40 17.16 16.95 16.74 16.53 16.32 16.11 15.91 15.71 15.63 15.53 15.44 15.35 15.26 15.16
12.87 13.04 13.22 13.41 13.60 13.80 14.01 14.23 14.46 14.69 15.04 15.77 16.56 17.40 18.29 19.22 20.19 21.19 22.19 23.16 24.09 24.93 25.64 26.19 26.57 26.76 26.76 26.60 26.30 25.88 25.39 24.85 24.28 23.69 23.31 23.12 23.27 23.45 23.58 23.67 23.71 23.70 23.64 23.54 23.52 23.52 23.47 23.38 23.26 23.10 22.90 22.68 22.43 22.16 21.87 21.58 21.27 20.95 20.63 20.31 19.98 19.66 19.35 19.03 18.73 18.42 18.13 17.84 17.56 17.29 17.02 16.77 16.52 16.30 16.11 15.91 15.72 15.53 15.44 15.36 15.27 15.19 15.10 15.01
12.88 13.05 13.23 13.42 13.61 13.80 14.01 14.22 14.44 14.66 15.03 15.72 16.46 17.23 18.05 18.89 19.77 20.65 21.53 22.38 23.18 23.90 24.52 25.00 25.34 25.52 25.56 25.46 25.24 24.92 24.53 24.09 23.61 23.10 22.60 22.46 22.65 22.80 22.92 23.00 23.03 23.03 22.98 22.88 22.87 22.87 22.84 22.76 22.65 22.51 22.34 22.15 21.93 21.69 21.43 21.16 20.88 20.59 20.30 20.00 19.71 19.41 19.11 18.82 18.53 18.25 17.97 17.70 17.43 17.17 16.92 16.68 16.44 16.20 15.98 15.76 15.55 15.36 15.26 15.19 15.11 15.03 14.95 14.86
12.89 13.06 13.24 13.42 13.60 13.80 13.99 14.20 14.41 14.63 14.99 15.64 16.32 17.04 17.78 18.55 19.33 20.12 20.89 21.64 22.33 22.96 23.49 23.92 24.23 24.41 24.47 24.42 24.26 24.02 23.71 23.35 22.95 22.52 22.08 21.90 22.07 22.21 22.31 22.38 22.41 22.40 22.36 22.28 22.27 22.28 22.25 22.18 22.09 21.97 21.82 21.65 21.45 21.24 21.01 20.76 20.51 20.25 19.98 19.71 19.43 19.16 18.88 18.61 18.34 18.07 17.81 17.55 17.30 17.06 16.81 16.58 16.35 16.13 15.91 15.70 15.49 15.29 15.10 15.02 14.94 14.87 14.79 14.72
12.90 13.07 13.24 13.41 13.60 13.78 13.98 14.18 14.38 14.60 14.92 15.53 16.16 16.82 17.50 18.20 18.90 19.60 20.29 20.94 21.55 22.10 22.57 22.95 23.23 23.41 23.49 23.47 23.36 23.18 22.94 22.64 22.31 21.95 21.57 21.38 21.53 21.65 21.75 21.81 21.83 21.83 21.79 21.72 21.71 21.72 21.70 21.65 21.57 21.46 21.33 21.17 21.00 20.81 20.60 20.38 20.15 19.91 19.67 19.42 19.16 18.91 18.65 18.40 18.15 17.90 17.65 17.41 17.17 16.93 16.70 16.48 16.26 16.04 15.83 15.63 15.43 15.24 15.05 14.87 14.78 14.71 14.64 14.57
12.90 13.07 13.23 13.40 13.58 13.77 13.95 14.15 14.35 14.56 14.84 15.40 15.99 16.59 17.21 17.85 18.48 19.10 19.71 20.29 20.83 21.31 21.73 22.07 22.33 22.51 22.60 22.60 22.54 22.40 22.21 21.97 21.70 21.40 21.07 20.89 21.03 21.14 21.22 21.27 21.30 21.30 21.26 21.20 21.20 21.21 21.19 21.15 21.08 20.98 20.87 20.73 20.57 20.40 20.22 20.02 19.81 19.59 19.37 19.14 18.90 18.67 18.43 18.19 17.95 17.72 17.49 17.26 17.03 16.81 16.59 16.37 16.16 15.96 15.76 15.56 15.37 15.18 15.00 14.83 14.65 14.56 14.50 14.43
12.90 13.06 13.22 13.39 13.56 13.74 13.93 14.12 14.31 14.51 14.74 15.26 15.80 16.36 16.93 17.50 18.07 18.63 19.18 19.69 20.17 20.60 20.97 21.28 21.52 21.69 21.79 21.81 21.78 21.68 21.53 21.34 21.12 20.86 20.59 20.43 20.56 20.66 20.73 20.78 20.80 20.80 20.77 20.71 20.72 20.73 20.71 20.68 20.62 20.53 20.43 20.31 20.17 20.02 19.85 19.67 19.48 19.28 19.07 18.86 18.64 18.42 18.20 17.98 17.76 17.54 17.32 17.10 16.89 16.68 16.47 16.26 16.06 15.87 15.67 15.49 15.30 15.12 14.95 14.78 14.61 14.45 14.35 14.29
12.90 13.05 13.21 13.37 13.54 13.72 13.89 14.08 14.27 14.46 14.66 15.11 15.61 16.12 16.64 17.16 17.68 18.19 18.67 19.14 19.56 19.95 20.29 20.57 20.79 20.95 21.05 21.10 21.08 21.01 20.90 20.75 20.56 20.35 20.12 20.01 20.12 20.21 20.27 20.32 20.34 20.34 20.31 20.26 20.27 20.28 20.27 20.24 20.18 20.11 20.02 19.91 19.79 19.65 19.50 19.33 19.16 18.98 18.79 18.59 18.39 18.19 17.98 17.78 17.57 17.36 17.16 16.95 16.75 16.55 16.35 16.15 15.96 15.77 15.59 15.41 15.23 15.06 14.89 14.72 14.56 14.40 14.25 14.15
12.89 13.04 13.19 13.35 13.52 13.69 13.86 14.04 14.22 14.40 14.59 14.95 15.42 15.89 16.37 16.84 17.31 17.77 18.21 18.62 19.01 19.36 19.66 19.92 20.13 20.28 20.39 20.44 20.44 20.40 20.31 20.19 20.04 19.87 19.67 19.60 19.70 19.79 19.85 19.89 19.91 19.90 19.88 19.84 19.84 19.86 19.85 19.82 19.78 19.72 19.63 19.54 19.43 19.30 19.16 19.01 18.85 18.69 18.51 18.33 18.15 17.96 17.77 17.58 17.38 17.19 16.99 16.80 16.61 16.42 16.23 16.04 15.86 15.68 15.50 15.33 15.16 14.99 14.83 14.67 14.51 14.36 14.21 14.06
12.87 13.02 13.17 13.33 13.49 13.65 13.82 13.99 14.17 14.35 14.53 14.79 15.22 15.66 16.09 16.53 16.96 17.37 17.77 18.15 18.50 18.81 19.09 19.33 19.52 19.67 19.78 19.84 19.85 19.83 19.77 19.67 19.55 19.40 19.24 19.23 19.32 19.39 19.45 19.48 19.50 19.50 19.48 19.44 19.45 19.46 19.46 19.44 19.40 19.34 19.27 19.18 19.08 18.97 18.84 18.71 18.56 18.41 18.25 18.08 17.91 17.74 17.56 17.38 17.20 17.01 16.83 16.65 16.47 16.28 16.11 15.93 15.75 15.58 15.41 15.25 15.08 14.92 14.76 14.61 14.46 14.31 14.17 14.02
12.86 13.00 13.15 13.30 13.46 13.61 13.78 13.94 14.11 14.29 14.46 14.64 15.03 15.43 15.83 16.23 16.62 17.00 17.36 17.71 18.02 18.31 18.57 18.79 18.97 19.12 19.22 19.28 19.31 19.30 19.26 19.19 19.09 18.97 18.83 18.87 18.95 19.02 19.07 19.10 19.12 19.12 19.10 19.06 19.08 19.09 19.09 19.07 19.04 18.99 18.92 18.85 18.75 18.65 18.54 18.41 18.28 18.14 17.99 17.84 17.68 17.52 17.35 17.18 17.01 16.84 16.67 16.50 16.32 16.15 15.98 15.82 15.65 15.48 15.32 15.16 15.00 14.85 14.70 14.55 14.40 14.26 14.12 13.98
12.84 12.98 13.12 13.27 13.42 13.57 13.73 13.89 14.06 14.22 14.39 14.57 14.84 15.21 15.58 15.95 16.31 16.65 16.99 17.30 17.59 17.85 18.09 18.30 18.47 18.61 18.71 18.78 18.81 18.81 18.79 18.73 18.66 18.55 18.44 18.53 18.61 18.67 18.72 18.75 18.76 18.76 18.74 18.71 18.73 18.74 18.74 18.73 18.70 18.65 18.60 18.53 18.44 18.35 18.25 18.13 18.01 17.88 17.75 17.60 17.46 17.30 17.15 16.99 16.83 16.67 16.51 16.35 16.18 16.02 15.86 15.70 15.54 15.38 15.23 15.08 14.92 14.78 14.63 14.49 14.34 14.21 14.07 13.94
12.82 12.95 13.09 13.24 13.38 13.53 13.68 13.84 14.00 14.16 14.32 14.49 14.66 15.00 15.34 15.68 16.01 16.33 16.63 16.92 17.19 17.43 17.65 17.84 18.00 18.13 18.24 18.31 18.35 18.36 18.35 18.31 18.25 18.16 18.13 18.21 18.28 18.34 18.38 18.41 18.43 18.43 18.41 18.38 18.40 18.41 18.41 18.40 18.38 18.34 18.29 18.22 18.15 18.06 17.97 17.86 17.75 17.63 17.51 17.38 17.24 17.10 16.95 16.81 16.66 16.50 16.35 16.20 16.04 15.89 15.74 15.59 15.43 15.28 15.14 14.99 14.84 14.70 14.56 14.42 14.28 14.15 14.02 13.89
12.79 12.93 13.06 13.20 13.34 13.49 13.63 13.78 13.94 14.09 14.25 14.41 14.57 14.79 15.11 15.42 15.73 16.02 16.30 16.57 16.81 17.04 17.24 17.42 17.57 17.70 17.80 17.87 17.92 17.94 17.93 17.91 17.86 17.79 17.83 17.91 17.98 18.03 18.07 18.09 18.11 18.11 18.09 18.07 18.08 18.10 18.10 18.09 18.07 18.04 17.99 17.93 17.87 17.79 17.70 17.61 17.50 17.39 17.28 17.16 17.03 16.90 16.76 16.62 16.48 16.34 16.20 16.05 15.91 15.76 15.62 15.47 15.33 15.18 15.04 14.90 14.76 14.62 14.49 14.35 14.22 14.09 13.97 13.84
12.77 12.90 13.03 13.16 13.30 13.44 13.58 13.73 13.87 14.02 14.17 14.33 14.48 14.64 14.89 15.18 15.46 15.73 15.99 16.24 16.47 16.68 16.87 17.03 17.18 17.30 17.40 17.47 17.52 17.55 17.55 17.53 17.50 17.47 17.55 17.63 17.69 17.73 17.77 17.80 17.81 17.81 17.79 17.77 17.79 17.80 17.81 17.80 17.78 17.75 17.71 17.66 17.60 17.53 17.45 17.36 17.26 17.16 17.06 16.94 16.82 16.70 16.58 16.45 16.31 16.18 16.04 15.91 15.77 15.63 15.49 15.36 15.22 15.08 14.95 14.81 14.68 14.55 14.42 14.29 14.16 14.03 13.91 13.79
12.74 12.86 12.99 13.12 13.26 13.39 13.53 13.67 13.81 13.95 14.10 14.25 14.39 14.54 14.69 14.95 15.21 15.46 15.70 15.93 16.14 16.34 16.52 16.67 16.81 16.93 17.02 17.10 17.15 17.18 17.19 17.18 17.16 17.21 17.29 17.35 17.41 17.45 17.49 17.51 17.52 17.52 17.51 17.49 17.51 17.52 17.53 17.52 17.51 17.48 17.44 17.40 17.34 17.28 17.20 17.12 17.03 16.94 16.84 16.74 16.63 16.51 16.39 16.27 16.15 16.02 15.90 15.77 15.64 15.50 15.37 15.24 15.11 14.98 14.85 14.72 14.59 14.47 14.34 14.22 14.10 13.97 13.86 13.74
12.71 12.83 12.95 13.08 13.21 13.34 13.47 13.61 13.74 13.88 14.02 14.16 14.31 14.45 14.59 14.74 14.97 15.21 15.43 15.64 15.84 16.02 16.19 16.34 16.47 16.58 16.67 16.75 16.80 16.83 16.85 16.85 16.89 16.96 17.03 17.10 17.15 17.19 17.22 17.24 17.25 17.25 17.24 17.22 17.24 17.26 17.26 17.26 17.24 17.22 17.19 17.15 17.09 17.04 16.97 16.89 16.81 16.73 16.63 16.54 16.43 16.33 16.22 16.10 15.99 15.87 15.75 15.63 15.50 15.38 15.25 15.13 15.00 14.88 14.76 14.63 14.51 14.39 14.27 14.15 14.03 13.91 13.80 13.68
12.68 12.79 12.91 13.04 13.16 13.29 13.42 13.55 13.68 13.81 13.95 14.08 14.22 14.35 14.49 14.63 14.77 14.97 15.17 15.37 15.56 15.73 15.89 16.03 16.15 16.26 16.35 16.42 16.48 16.51 16.53 16.57 16.65 16.73 16.79 16.85 16.90 16.94 16.97 16.99 17.00 17.00 16.99 16.97 16.99 17.00 17.01 17.01 17.00 16.97 16.94 16.91 16.86 16.81 16.74 16.68 16.60 16.52 16.44 16.34 16.25 16.15 16.05 15.94 15.83 15.72 15.60 15.49 15.37 15.25 15.14 15.02 14.90 14.78 14.66 14.54 14.42 14.31 14.19 14.08 13.96 13.85 13.74 13.63
12.64 12.76 12.87 12.99 13.11 13.24 13.36 13.48 13.61 13.74 13.87 14.00 14.13 14.26 14.39 14.52 14.65 14.79 14.93 15.12 15.29 15.45 15.60 15.74 15.85 15.96 16.04 16.12 16.17 16.21 16.27 16.36 16.43 16.50 16.56 16.62 16.66 16.70 16.72 16.74 16.75 16.75 16.74 16.72 16.75 16.76 16.77 16.77 16.76 16.74 16.71 16.68 16.64 16.59 16.53 16.47 16.40 16.32 16.24 16.16 16.07 15.98 15.88 15.78 15.68 15.57 15.46 15.35 15.24 15.13 15.02 14.91 14.79 14.68 14.57 14.45 14.34 14.23 14.12 14.01 13.90 13.79 13.68 13.57
12.61 12.72 12.83 12.95 13.06 13.18 13.30 13.42 13.54 13.67 13.79 13.92 14.04 14.17 14.29 14.42 14.54 14.67 14.79 14.91 15.04 15.20 15.34 15.46 15.58 15.67 15.76 15.83 15.90 15.99 16.07 16.15 16.22 16.29 16.34 16.39 16.43 16.47 16.49 16.51 16.52 16.52 16.51 16.49 16.52 16.53 16.54 16.54 16.53 16.51 16.49 16.46 16.42 16.37 16.32 16.26 16.20 16.13 16.06 15.98 15.89 15.81 15.72 15.62 15.53 15.43 15.32 15.22 15.12 15.01 14.90 14.80 14.69 14.58 14.47 14.36 14.26 14.15 14.04 13.93 13.83 13.72 13.62 13.52
12.57 12.68 12.79 12.90 13.01 13.13 13.24 13.36 13.48 13.59 13.71 13.83 13.95 14.07 14.19 14.31 14.43 14.55 14.67 14.79 14.90 15.01 15.12 15.23 15.34 15.44 15.54 15.63 15.72 15.80 15.88 15.95 16.02 16.08 16.13 16.18 16.22 16.25 16.27 16.29 16.30 16.30 16.29 16.28 16.30 16.31 16.32 16.32 16.31 16.30 16.28 16.25 16.21 16.17 16.12 16.07 16.01 15.95 15.88 15.80 15.73 15.64 15.56 15.47 15.38 15.29 15.19 15.09 14.99 14.89 14.79 14.69 14.59 14.48 14.38 14.27 14.17 14.07 13.96 13.86 13.76 13.66 13.56 13.46
12.53 12.64 12.74 12.85 12.96 13.07 13.18 13.30 13.41 13.52 13.64 13.75 13.87 13.98 14.10 14.21 14.33 14.44 14.55 14.66 14.77 14.88 14.98 15.08 15.18 15.28 15.37 15.46 15.54 15.62 15.69 15.76 15.82 15.88 15.93 15.97 16.01 16.04 16.06 16.08 16.08 16.09 16.08 16.07 16.09 16.10 16.11 16.11 16.11 16.09 16.07 16.05 16.02 15.98 15.93 15.88 15.83 15.77 15.70 15.64 15.56 15.49 15.41 15.32 15.24 15.15 15.06 14.97 14.87 14.78 14.68 14.58 14.48 14.38 14.29 14.19 14.09 13.99 13.89 13.79 13.69 13.59 13.50 13.40
12.49 12.59 12.70 12.80 12.91 13.02 13.12 13.23 13.34 13.45 13.56 13.67 13.78 13.89 14.00 14.11 14.22 14.33 14.43 14.54 14.64 14.74 14.84 14.94 15.03 15.12 15.21 15.29 15.37 15.45 15.51 15.58 15.64 15.69 15.74 15.78 15.81 15.84 15.86 15.87 15.88 15.88 15.88 15.87 15.89 15.90 15.91 15.91 15.91 15.90 15.88 15.86 15.83 15.79 15.75 15.70 15.65 15.60 15.54 15.47 15.40 15.33 15.26 15.18 15.10 15.01 14.93 14.84 14.75 14.66 14.57 14.48 14.38 14.29 14.19 14.10 14.00 13.91 13.81 13.72 13.62 13.53 13.44 13.34
