examples/flood/gust-0363.asc
ncols         301
nrows         401
xllcorner     110.974998474
yllcorner     -52.5250015259
cellsize      0.0500030517578
NODATA_value  -9999.0
[rows 114 to 151 of 401, columns 0 to 83 of 301]
0.00 21.39 21.75 22.12 22.51 22.91 23.34 23.78 24.25 24.74 25.26 25.80 26.37 26.98 27.62 28.29 29.01 29.76 30.57 31.42 32.32 33.28 34.31 35.40 36.55 37.79 39.10 40.49 41.97 43.54 45.18 46.90 48.67 50.49 52.32 54.11 55.82 57.37 58.69 59.71 60.36 60.60 60.42 59.82 60.52 61.26 61.59 61.47 60.93 60.01 58.77 57.61 57.29 56.65 55.73 54.59 55.95 57.18 58.16 58.83 59.13 59.03 58.52 57.91 58.67 59.03 58.99 58.55 57.75 56.63 55.28 53.76 52.12 50.44 49.09 48.21 47.43 46.86 46.37 45.74 45.00 44.17 43.26 42.30
0.00 21.48 21.84 22.21 22.59 22.99 23.41 23.86 24.32 24.81 25.32 25.85 26.42 27.01 27.64 28.30 29.00 29.73 30.51 31.34 32.21 33.14 34.12 35.16 36.26 37.43 38.66 39.96 41.33 42.76 44.26 45.80 47.38 48.98 50.57 52.11 53.56 54.85 55.95 56.79 57.32 57.52 57.37 56.88 57.66 58.27 58.54 58.45 58.02 57.27 56.25 55.01 54.59 54.07 53.32 52.38 53.49 54.49 55.28 55.79 56.01 55.90 55.46 54.97 55.60 55.91 55.89 55.54 54.89 53.98 52.87 51.59 50.20 48.75 47.27 46.21 45.57 44.88 44.47 43.94 43.31 42.60 41.82 40.98
0.00 21.56 21.91 22.28 22.66 23.06 23.48 23.92 24.37 24.85 25.35 25.88 26.44 27.02 27.63 28.28 28.96 29.67 30.43 31.23 32.07 32.96 33.89 34.88 35.92 37.02 38.17 39.38 40.64 41.95 43.30 44.69 46.10 47.50 48.88 50.21 51.43 52.52 53.44 54.13 54.57 54.73 54.61 54.29 55.05 55.56 55.79 55.72 55.37 54.76 53.92 52.89 52.14 51.73 51.11 50.32 51.20 52.01 52.64 53.04 53.19 53.07 52.68 52.29 52.82 53.09 53.08 52.81 52.28 51.54 50.61 49.54 48.36 47.11 45.83 44.53 43.84 43.21 42.73 42.29 41.75 41.13 40.45 39.73
0.00 21.63 21.98 22.34 22.72 23.11 23.53 23.96 24.41 24.88 25.38 25.89 26.44 27.01 27.60 28.23 28.89 29.59 30.32 31.08 31.89 32.74 33.63 34.56 35.55 36.57 37.65 38.77 39.92 41.12 42.34 43.59 44.84 46.07 47.27 48.41 49.46 50.38 51.14 51.72 52.08 52.22 52.12 52.05 52.69 53.11 53.31 53.26 52.98 52.47 51.77 50.91 49.94 49.60 49.09 48.43 49.08 49.74 50.24 50.55 50.65 50.53 50.18 49.87 50.32 50.55 50.55 50.34 49.91 49.30 48.53 47.62 46.62 45.54 44.42 43.28 42.24 41.71 41.14 40.76 40.30 39.77 39.18 38.54
0.00 21.69 22.03 22.39 22.77 23.16 23.56 23.99 24.43 24.89 25.38 25.88 26.42 26.97 27.55 28.16 28.80 29.47 30.17 30.91 31.68 32.49 33.34 34.22 35.14 36.10 37.10 38.13 39.19 40.28 41.39 42.50 43.61 44.70 45.74 46.73 47.62 48.41 49.05 49.54 49.84 49.96 49.88 50.01 50.55 50.91 51.07 51.04 50.81 50.39 49.81 49.08 48.23 47.66 47.24 46.68 47.12 47.66 48.07 48.30 48.36 48.24 47.93 47.67 48.06 48.26 48.27 48.10 47.75 47.25 46.60 45.83 44.98 44.05 43.07 42.07 41.04 40.31 39.79 39.35 38.96 38.49 37.98 37.41
0.00 21.74 22.08 22.43 22.80 23.18 23.58 24.00 24.44 24.89 25.36 25.86 26.38 26.92 27.48 28.07 28.69 29.33 30.01 30.71 31.45 32.22 33.02 33.85 34.72 35.61 36.54 37.49 38.46 39.45 40.45 41.45 42.43 43.39 44.31 45.16 45.93 46.60 47.15 47.56 47.82 47.92 47.85 48.14 48.61 48.92 49.06 49.04 48.85 48.50 48.01 47.38 46.66 45.90 45.54 45.07 45.31 45.76 46.08 46.27 46.30 46.17 45.89 45.68 46.01 46.19 46.21 46.08 45.79 45.37 44.82 44.17 43.44 42.63 41.78 40.89 39.99 39.07 38.56 38.06 37.71 37.30 36.85 36.35
0.00 21.77 22.11 22.46 22.82 23.20 23.59 24.00 24.43 24.87 25.33 25.82 26.32 26.85 27.39 27.96 28.56 29.18 29.82 30.50 31.20 31.93 32.68 33.46 34.27 35.11 35.96 36.84 37.73 38.63 39.53 40.43 41.30 42.15 42.96 43.70 44.37 44.95 45.42 45.77 45.99 46.07 46.02 46.44 46.84 47.11 47.24 47.22 47.06 46.77 46.35 45.82 45.20 44.49 43.99 43.59 43.65 44.02 44.28 44.42 44.43 44.30 44.05 43.88 44.17 44.32 44.35 44.24 44.01 43.65 43.19 42.63 42.00 41.30 40.55 39.77 38.96 38.14 37.40 36.97 36.55 36.19 35.79 35.35
0.00 21.80 22.13 22.47 22.83 23.20 23.59 23.99 24.41 24.84 25.29 25.76 26.25 26.76 27.29 27.84 28.41 29.00 29.62 30.26 30.93 31.62 32.33 33.07 33.82 34.60 35.39 36.20 37.01 37.83 38.64 39.45 40.23 40.98 41.69 42.34 42.93 43.43 43.83 44.14 44.33 44.40 44.44 44.89 45.24 45.47 45.58 45.57 45.44 45.19 44.84 44.38 43.84 43.22 42.56 42.22 42.12 42.42 42.63 42.74 42.73 42.61 42.37 42.23 42.48 42.63 42.65 42.57 42.37 42.07 41.68 41.20 40.65 40.05 39.39 38.70 37.98 37.24 36.50 35.94 35.52 35.16 34.80 34.41
0.00 21.82 22.14 22.48 22.83 23.20 23.57 23.97 24.37 24.80 25.23 25.69 26.16 26.66 27.17 27.70 28.25 28.81 29.40 30.02 30.65 31.30 31.97 32.66 33.36 34.08 34.82 35.56 36.30 37.05 37.79 38.51 39.21 39.88 40.50 41.08 41.59 42.03 42.38 42.64 42.81 42.87 43.07 43.47 43.77 43.97 44.07 44.07 43.96 43.75 43.44 43.05 42.57 42.03 41.44 40.95 40.70 40.96 41.13 41.20 41.18 41.06 40.84 40.73 40.95 41.08 41.11 41.04 40.88 40.62 40.29 39.88 39.40 38.87 38.29 37.68 37.03 36.37 35.70 35.02 34.60 34.21 33.87 33.52
0.00 21.83 22.15 22.48 22.82 23.18 23.55 23.93 24.33 24.74 25.17 25.61 26.07 26.54 27.03 27.54 28.07 28.61 29.18 29.76 30.35 30.97 31.60 32.24 32.90 33.57 34.25 34.93 35.61 36.29 36.96 37.61 38.24 38.84 39.40 39.90 40.35 40.74 41.04 41.27 41.42 41.47 41.81 42.16 42.42 42.60 42.69 42.69 42.60 42.42 42.15 41.81 41.40 40.92 40.40 39.83 39.46 39.61 39.74 39.79 39.76 39.65 39.44 39.35 39.55 39.67 39.70 39.64 39.51 39.29 39.00 38.64 38.23 37.76 37.25 36.70 36.13 35.54 34.93 34.31 33.73 33.38 33.00 32.68
0.00 21.83 22.14 22.47 22.80 23.15 23.51 23.89 24.27 24.67 25.09 25.51 25.96 26.41 26.89 27.38 27.88 28.40 28.94 29.49 30.05 30.63 31.22 31.83 32.44 33.06 33.69 34.32 34.94 35.56 36.17 36.76 37.33 37.86 38.36 38.81 39.20 39.54 39.81 40.02 40.14 40.27 40.64 40.95 41.19 41.35 41.43 41.43 41.35 41.19 40.96 40.66 40.30 39.88 39.42 38.91 38.41 38.36 38.46 38.50 38.46 38.35 38.16 38.08 38.26 38.37 38.40 38.36 38.24 38.06 37.81 37.49 37.13 36.72 36.27 35.78 35.27 34.73 34.18 33.62 33.06 32.59 32.25 31.90
0.00 21.82 22.13 22.45 22.78 23.12 23.47 23.83 24.21 24.59 25.00 25.41 25.84 26.28 26.73 27.20 27.68 28.18 28.69 29.21 29.75 30.29 30.85 31.41 31.99 32.56 33.14 33.72 34.30 34.86 35.41 35.95 36.46 36.94 37.38 37.78 38.14 38.44 38.68 38.86 38.97 39.23 39.56 39.83 40.05 40.19 40.26 40.27 40.20 40.06 39.86 39.60 39.28 38.91 38.49 38.04 37.55 37.20 37.29 37.31 37.26 37.15 36.98 36.91 37.07 37.17 37.20 37.17 37.07 36.91 36.70 36.43 36.10 35.74 35.34 34.90 34.44 33.96 33.46 32.95 32.43 31.91 31.54 31.22
0.00 21.80 22.11 22.42 22.74 23.07 23.41 23.77 24.13 24.51 24.90 25.30 25.71 26.13 26.57 27.02 27.48 27.95 28.44 28.93 29.44 29.95 30.47 31.00 31.54 32.07 32.61 33.14 33.67 34.19 34.69 35.18 35.64 36.07 36.47 36.83 37.14 37.41 37.62 37.78 37.91 38.26 38.55 38.80 38.99 39.12 39.19 39.19 39.13 39.02 38.84 38.61 38.32 37.99 37.62 37.22 36.78 36.32 36.20 36.20 36.16 36.05 35.88 35.83 35.97 36.07 36.10 36.07 35.99 35.85 35.67 35.43 35.14 34.82 34.46 34.07 33.66 33.22 32.77 32.31 31.83 31.35 30.87 30.57
0.00 21.78 22.08 22.38 22.70 23.02 23.35 23.70 24.05 24.41 24.79 25.17 25.57 25.98 26.40 26.83 27.27 27.72 28.18 28.65 29.12 29.61 30.10 30.59 31.09 31.59 32.09 32.58 33.07 33.54 34.00 34.44 34.86 35.25 35.61 35.93 36.22 36.45 36.65 36.79 37.04 37.35 37.62 37.84 38.01 38.13 38.19 38.20 38.15 38.04 37.89 37.68 37.43 37.14 36.80 36.44 36.04 35.62 35.18 35.18 35.13 35.03 34.87 34.82 34.96 35.04 35.08 35.06 34.99 34.87 34.70 34.49 34.24 33.96 33.64 33.29 32.91 32.52 32.11 31.68 31.25 30.80 30.36 29.95
0.00 21.75 22.04 22.34 22.65 22.96 23.28 23.62 23.96 24.31 24.67 25.05 25.43 25.82 26.22 26.63 27.05 27.48 27.92 28.36 28.81 29.27 29.73 30.19 30.66 31.12 31.58 32.04 32.48 32.92 33.34 33.74 34.12 34.48 34.80 35.09 35.35 35.56 35.73 35.90 36.22 36.50 36.75 36.95 37.10 37.21 37.26 37.27 37.23 37.14 37.00 36.82 36.59 36.33 36.03 35.70 35.34 34.96 34.56 34.23 34.18 34.08 33.93 33.89 34.01 34.09 34.13 34.11 34.05 33.95 33.80 33.62 33.40 33.14 32.85 32.54 32.20 31.84 31.47 31.08 30.68 30.27 29.86 29.44
0.00 21.72 22.00 22.29 22.59 22.89 23.21 23.53 23.86 24.20 24.55 24.91 25.28 25.66 26.04 26.43 26.83 27.24 27.65 28.08 28.50 28.93 29.36 29.80 30.23 30.66 31.09 31.51 31.92 32.32 32.71 33.08 33.42 33.75 34.04 34.31 34.54 34.73 34.88 35.16 35.45 35.71 35.93 36.11 36.25 36.35 36.40 36.41 36.37 36.29 36.17 36.01 35.80 35.57 35.30 35.00 34.68 34.33 33.96 33.58 33.29 33.19 33.05 33.02 33.13 33.21 33.24 33.23 33.18 33.09 32.96 32.80 32.60 32.37 32.11 31.83 31.52 31.20 30.86 30.50 30.13 29.76 29.38 28.99
0.00 21.68 21.95 22.24 22.52 22.82 23.13 23.44 23.76 24.09 24.43 24.77 25.13 25.49 25.85 26.23 26.61 27.00 27.39 27.79 28.19 28.60 29.00 29.41 29.82 30.22 30.61 31.00 31.39 31.75 32.11 32.45 32.76 33.06 33.33 33.56 33.77 33.95 34.17 34.46 34.73 34.96 35.16 35.33 35.46 35.55 35.59 35.60 35.57 35.50 35.39 35.25 35.07 34.85 34.61 34.34 34.04 33.72 33.39 33.04 32.67 32.37 32.24 32.20 32.31 32.38 32.41 32.41 32.37 32.29 32.17 32.03 31.85 31.64 31.41 31.16 30.88 30.58 30.27 29.94 29.60 29.26 28.90 28.55
0.00 21.63 21.90 22.17 22.46 22.75 23.04 23.34 23.66 23.97 24.30 24.63 24.97 25.31 25.67 26.02 26.39 26.76 27.13 27.51 27.89 28.27 28.65 29.03 29.41 29.78 30.15 30.52 30.87 31.21 31.54 31.84 32.14 32.40 32.65 32.87 33.06 33.24 33.53 33.80 34.05 34.26 34.45 34.60 34.71 34.80 34.84 34.85 34.82 34.76 34.66 34.53 34.37 34.18 33.95 33.71 33.44 33.15 32.84 32.52 32.18 31.83 31.48 31.44 31.54 31.61 31.64 31.64 31.60 31.53 31.43 31.30 31.14 30.96 30.75 30.52 30.26 29.99 29.71 29.41 29.10 28.78 28.45 28.12
0.00 21.58 21.84 22.11 22.38 22.66 22.95 23.24 23.54 23.85 24.16 24.48 24.81 25.14 25.48 25.82 26.16 26.51 26.87 27.23 27.58 27.94 28.30 28.66 29.01 29.36 29.71 30.04 30.37 30.69 30.99 31.27 31.54 31.79 32.01 32.21 32.38 32.66 32.93 33.18 33.40 33.60 33.77 33.91 34.02 34.09 34.13 34.14 34.12 34.06 33.98 33.86 33.71 33.54 33.33 33.11 32.86 32.60 32.31 32.02 31.71 31.38 31.05 30.73 30.82 30.88 30.91 30.91 30.88 30.82 30.73 30.62 30.48 30.31 30.12 29.91 29.68 29.43 29.17 28.89 28.61 28.31 28.01 27.70
0.00 21.53 21.78 22.04 22.31 22.58 22.86 23.14 23.43 23.72 24.03 24.33 24.65 24.96 25.28 25.61 25.94 26.27 26.61 26.95 27.29 27.62 27.96 28.30 28.63 28.96 29.28 29.59 29.89 30.19 30.46 30.73 30.97 31.20 31.40 31.59 31.85 32.12 32.36 32.59 32.80 32.98 33.13 33.26 33.36 33.43 33.47 33.48 33.46 33.41 33.33 33.22 33.09 32.93 32.75 32.54 32.32 32.07 31.81 31.54 31.25 30.95 30.64 30.33 30.14 30.20 30.23 30.23 30.21 30.15 30.08 29.97 29.84 29.69 29.52 29.33 29.12 28.89 28.65 28.40 28.13 27.86 27.58 27.29
0.00 21.47 21.71 21.97 22.22 22.49 22.76 23.03 23.31 23.60 23.89 24.18 24.48 24.78 25.09 25.40 25.72 26.03 26.35 26.67 26.99 27.31 27.63 27.95 28.26 28.56 28.86 29.15 29.44 29.71 29.96 30.21 30.43 30.64 30.83 31.08 31.34 31.59 31.82 32.03 32.22 32.39 32.53 32.65 32.74 32.81 32.84 32.85 32.84 32.79 32.72 32.62 32.50 32.36 32.19 32.00 31.79 31.57 31.33 31.08 30.81 30.53 30.25 29.95 29.65 29.56 29.59 29.59 29.57 29.52 29.45 29.36 29.25 29.11 28.95 28.78 28.58 28.38 28.15 27.92 27.68 27.42 27.16 26.89
0.00 21.40 21.64 21.89 22.14 22.39 22.65 22.92 23.19 23.46 23.74 24.03 24.31 24.60 24.90 25.20 25.50 25.80 26.10 26.40 26.70 27.01 27.31 27.60 27.89 28.18 28.46 28.73 28.99 29.25 29.48 29.71 29.92 30.11 30.36 30.62 30.86 31.09 31.31 31.50 31.68 31.83 31.96 32.07 32.16 32.22 32.25 32.26 32.25 32.21 32.15 32.06 31.95 31.81 31.66 31.49 31.30 31.09 30.87 30.63 30.39 30.13 29.86 29.59 29.31 29.02 28.98 28.99 28.97 28.93 28.87 28.78 28.68 28.55 28.41 28.25 28.07 27.88 27.68 27.46 27.24 27.00 26.76 26.51
0.00 21.34 21.57 21.81 22.05 22.30 22.55 22.81 23.07 23.33 23.60 23.87 24.15 24.42 24.71 24.99 25.27 25.56 25.85 26.14 26.42 26.71 26.99 27.27 27.54 27.81 28.07 28.33 28.57 28.80 29.03 29.24 29.43 29.68 29.94 30.18 30.41 30.62 30.82 31.00 31.16 31.30 31.43 31.53 31.61 31.66 31.70 31.71 31.69 31.66 31.60 31.52 31.42 31.30 31.16 31.00 30.82 30.63 30.43 30.21 29.98 29.74 29.49 29.23 28.97 28.70 28.43 28.41 28.40 28.37 28.31 28.23 28.14 28.03 27.90 27.75 27.59 27.41 27.22 27.02 26.81 26.60 26.37 26.14
0.00 21.27 21.49 21.72 21.96 22.20 22.44 22.69 22.94 23.19 23.45 23.71 23.98 24.25 24.51 24.78 25.06 25.33 25.60 25.87 26.15 26.41 26.68 26.94 27.20 27.45 27.70 27.94 28.16 28.38 28.59 28.79 29.05 29.29 29.53 29.76 29.97 30.17 30.35 30.52 30.67 30.80 30.92 31.01 31.08 31.14 31.17 31.18 31.17 31.14 31.08 31.01 30.92 30.81 30.68 30.53 30.37 30.19 30.00 29.80 29.58 29.36 29.13 28.89 28.64 28.39 28.13 27.87 27.86 27.83 27.78 27.71 27.63 27.52 27.40 27.27 27.12 26.96 26.79 26.60 26.41 26.20 25.99 25.77
0.00 21.19 21.41 21.64 21.87 22.10 22.33 22.57 22.81 23.06 23.31 23.56 23.81 24.07 24.32 24.58 24.84 25.10 25.36 25.62 25.87 26.13 26.38 26.63 26.87 27.11 27.34 27.56 27.77 27.98 28.20 28.45 28.69 28.92 29.14 29.35 29.55 29.73 29.91 30.06 30.20 30.33 30.43 30.52 30.59 30.64 30.67 30.68 30.67 30.64 30.59 30.53 30.44 30.34 30.22 30.08 29.93 29.77 29.59 29.40 29.20 29.00 28.78 28.55 28.32 28.09 27.84 27.60 27.35 27.32 27.28 27.22 27.14 27.05 26.94 26.81 26.68 26.53 26.37 26.19 26.01 25.82 25.63 25.42
0.00 21.12 21.33 21.55 21.77 21.99 22.22 22.45 22.68 22.92 23.16 23.40 23.64 23.89 24.13 24.38 24.63 24.87 25.12 25.37 25.61 25.85 26.09 26.32 26.55 26.77 26.99 27.20 27.40 27.64 27.88 28.11 28.34 28.56 28.76 28.96 29.15 29.32 29.48 29.63 29.76 29.87 29.97 30.05 30.12 30.16 30.19 30.20 30.20 30.17 30.13 30.06 29.99 29.89 29.78 29.66 29.52 29.37 29.20 29.03 28.84 28.64 28.44 28.23 28.01 27.79 27.56 27.33 27.10 26.86 26.80 26.75 26.67 26.59 26.49 26.38 26.25 26.11 25.96 25.80 25.64 25.46 25.27 25.08
0.00 21.04 21.25 21.46 21.67 21.89 22.11 22.33 22.56 22.78 23.01 23.24 23.48 23.71 23.95 24.18 24.42 24.65 24.89 25.12 25.35 25.58 25.80 26.02 26.24 26.45 26.65 26.88 27.12 27.35 27.57 27.79 28.00 28.21 28.40 28.59 28.76 28.92 29.07 29.21 29.33 29.44 29.53 29.61 29.67 29.71 29.74 29.75 29.74 29.72 29.68 29.63 29.55 29.47 29.36 29.25 29.12 28.98 28.82 28.66 28.49 28.31 28.11 27.92 27.71 27.50 27.29 27.07 26.85 26.62 26.40 26.30 26.23 26.15 26.06 25.96 25.84 25.71 25.57 25.43 25.27 25.11 24.93 24.75
0.00 20.96 21.16 21.37 21.57 21.78 21.99 22.21 22.43 22.65 22.87 23.09 23.31 23.54 23.76 23.99 24.21 24.43 24.66 24.88 25.10 25.31 25.53 25.73 25.94 26.17 26.40 26.62 26.84 27.06 27.28 27.48 27.68 27.87 28.06 28.23 28.39 28.54 28.69 28.81 28.93 29.03 29.12 29.19 29.24 29.29 29.31 29.32 29.32 29.29 29.26 29.21 29.14 29.06 28.96 28.86 28.74 28.61 28.46 28.31 28.15 27.98 27.80 27.61 27.42 27.22 27.02 26.81 26.60 26.39 26.18 25.96 25.81 25.74 25.65 25.56 25.45 25.33 25.20 25.06 24.92 24.76 24.60 24.44
0.00 20.88 21.07 21.27 21.47 21.68 21.88 22.09 22.30 22.51 22.72 22.93 23.15 23.36 23.58 23.79 24.01 24.22 24.43 24.64 24.85 25.05 25.27 25.49 25.71 25.94 26.15 26.37 26.58 26.79 26.99 27.18 27.37 27.55 27.72 27.88 28.04 28.18 28.31 28.43 28.54 28.64 28.72 28.78 28.84 28.88 28.90 28.91 28.91 28.89 28.85 28.81 28.75 28.67 28.58 28.48 28.37 28.25 28.12 27.97 27.82 27.66 27.49 27.32 27.14 26.95 26.76 26.56 26.36 26.16 25.96 25.75 25.55 25.34 25.26 25.17 25.07 24.96 24.84 24.71 24.58 24.43 24.28 24.13
0.00 20.80 20.99 21.18 21.37 21.57 21.77 21.97 22.17 22.37 22.57 22.78 22.98 23.19 23.40 23.60 23.81 24.01 24.21 24.42 24.64 24.86 25.07 25.29 25.50 25.71 25.92 26.12 26.32 26.52 26.71 26.89 27.07 27.24 27.40 27.55 27.70 27.83 27.96 28.07 28.17 28.26 28.34 28.40 28.45 28.49 28.51 28.52 28.52 28.50 28.47 28.42 28.37 28.30 28.22 28.12 28.02 27.91 27.78 27.65 27.50 27.35 27.20 27.03 26.86 26.69 26.50 26.32 26.13 25.94 25.75 25.55 25.35 25.15 24.95 24.80 24.71 24.61 24.50 24.38 24.25 24.12 23.97 23.83
0.00 20.71 20.90 21.08 21.27 21.46 21.65 21.84 22.04 22.23 22.43 22.63 22.82 23.02 23.23 23.43 23.64 23.85 24.05 24.26 24.47 24.68 24.88 25.09 25.29 25.49 25.69 25.88 26.07 26.25 26.43 26.61 26.78 26.94 27.09 27.23 27.37 27.50 27.61 27.72 27.82 27.90 27.97 28.03 28.08 28.11 28.14 28.15 28.14 28.13 28.10 28.06 28.01 27.94 27.87 27.78 27.68 27.58 27.46 27.33 27.20 27.06 26.91 26.75 26.59 26.43 26.26 26.08 25.90 25.72 25.54 25.35 25.16 24.97 24.78 24.59 24.40 24.27 24.16 24.05 23.93 23.81 23.68 23.54
0.00 20.63 20.81 20.99 21.17 21.35 21.58 21.76 21.95 22.14 22.33 22.52 22.72 22.91 23.11 23.30 23.50 23.70 23.90 24.10 24.30 24.50 24.69 24.89 25.08 25.27 25.46 25.64 25.82 26.00 26.17 26.34 26.49 26.65 26.79 26.93 27.06 27.18 27.29 27.39 27.48 27.55 27.62 27.68 27.72 27.76 27.78 27.79 27.79 27.77 27.75 27.71 27.66 27.60 27.53 27.45 27.36 27.26 27.15 27.03 26.90 26.77 26.63 26.49 26.33 26.18 26.02 25.85 25.68 25.51 25.33 25.15 24.97 24.79 24.61 24.43 24.24 24.06 23.88 23.74 23.63 23.51 23.39 23.26
0.00 0.00 0.00 0.00 0.00 0.00 0.00 0.00 0.00 0.00 0.00 0.00 0.00 0.00 0.00 0.00 0.00 0.00 0.00 0.00 0.00 0.00 0.00 0.00 0.00 0.00 0.00 0.00 0.00 0.00 0.00 0.00 0.00 0.00 0.00 0.00 0.00 0.00 0.00 0.00 0.00 0.00 0.00 0.00 0.00 0.00 0.00 0.00 0.00 0.00 0.00 0.00 0.00 0.00 0.00 0.00 0.00 0.00 0.00 0.00 0.00 0.00 0.00 0.00 0.00 0.00 0.00 2.85 4.59 4.70 4.81 4.92 5.04 5.96 6.01 6.06 6.12 6.18 6.24 7.03 7.12 7.21 9.37 9.50
0.00 0.00 0.00 0.00 0.00 0.00 0.00 0.00 0.00 0.00 0.00 0.00 0.00 0.00 0.00 0.00 0.00 0.00 0.00 0.00 0.00 0.00 0.00 0.00 0.00 0.00 0.00 0.00 0.00 0.00 0.00 0.00 0.00 0.00 0.00 0.00 0.00 0.00 0.00 0.00 0.00 0.00 0.00 0.00 0.00 0.00 0.00 0.00 0.00 0.00 0.00 0.00 0.00 0.00 0.00 0.00 0.00 0.00 0.00 0.00 0.00 0.00 0.00 0.00 0.00 0.00 0.00 3.03 4.71 4.82 4.93 5.05 5.18 6.15 6.20 6.26 6.32 6.39 6.46 7.21 7.30 7.40 9.53 9.67
0.00 0.00 0.00 0.00 0.00 0.00 0.00 0.00 0.00 0.00 0.00 0.00 0.00 0.00 0.00 0.00 0.00 0.00 0.00 0.00 0.00 0.00 0.00 0.00 0.00 0.00 0.00 0.00 0.00 0.00 0.00 0.00 0.00 0.00 0.00 0.00 0.00 0.00 0.00 0.00 0.00 0.00 0.00 0.00 0.00 0.00 0.00 0.00 0.00 0.00 0.00 0.00 0.00 0.00 0.00 0.00 0.00 0.00 0.00 0.00 0.00 0.00 0.00 0.00 0.00 0.00 0.00 3.21 4.84 4.95 5.06 5.19 5.32 6.33 6.39 6.46 6.53 6.60 6.68 7.39 7.49 7.59 9.69 9.83
0.00 0.00 0.00 0.00 0.00 0.00 0.00 0.00 0.00 0.00 0.00 0.00 0.00 0.00 0.00 0.00 0.00 0.00 0.00 0.00 0.00 0.00 0.00 0.00 0.00 0.00 0.00 0.00 0.00 0.00 0.00 0.00 0.00 0.00 0.00 0.00 0.00 0.00 0.00 0.00 0.00 0.00 0.00 0.00 0.00 0.00 0.00 0.00 0.00 0.00 0.00 0.00 0.00 0.00 0.00 0.00 0.00 0.00 0.00 0.00 0.00 0.00 0.00 0.00 0.00 0.00 0.00 3.39 4.96 5.07 5.19 5.32 5.45 6.52 6.58 6.65 6.73 6.81 6.90 7.57 7.67 7.78 9.84 9.99
0.00 0.00 0.00 0.00 0.00 0.00 0.00 0.00 0.00 0.00 0.00 0.00 0.00 0.00 0.00 0.00 0.00 0.00 0.00 0.00 0.00 0.00 0.00 0.00 0.00 0.00 0.00 0.00 0.00 0.00 0.00 0.00 0.00 0.00 0.00 0.00 0.00 0.00 0.00 0.00 0.00 0.00 0.00 0.00 0.00 0.00 0.00 0.00 0.00 0.00 0.00 0.00 0.00 0.00 0.00 0.00 0.00 0.00 0.00 0.00 0.00 0.00 0.00 0.00 0.00 0.00 0.00 3.57 5.08 5.20 5.32 5.45 5.59 6.70 6.77 6.85 6.93 7.02 7.12 7.74 7.84 7.96 9.99 10.14
0.00 0.00 0.00 0.00 0.00 0.00 0.00 0.00 0.00 0.00 0.00 0.00 0.00 0.00 0.00 0.00 0.00 0.00 0.00 0.00 0.00 0.00 0.00 0.00 0.00 0.00 0.00 0.00 0.00 0.00 0.00 0.00 0.00 0.00 0.00 0.00 0.00 0.00 0.00 0.00 0.00 0.00 0.00 0.00 0.00 0.00 0.00 0.00 0.00 0.00 0.00 0.00 0.00 0.00 0.00 0.00 0.00 0.00 0.00 0.00 0.00 0.00 0.00 0.00 0.00 0.00 0.00 3.75 5.20 5.32 5.45 5.58 5.73 6.88 6.96 7.04 7.13 7.23 7.33 7.90 8.02 8.14 10.13 10.29
