examples/flood/gust-0363.asc
ncols         301
nrows         401
xllcorner     110.974998474
yllcorner     -52.5250015259
cellsize      0.0500030517578
NODATA_value  -9999.0
[rows 38 to 75 of 401, columns 84 to 167 of 301]
0.00 0.00 0.00 0.00 0.00 0.00 0.00 0.00 0.00 0.00 0.00 0.00 0.00 0.00 0.00 0.00 0.00 0.00 0.00 0.00 0.00 0.00 0.00 0.00 0.00 0.00 0.00 0.00 0.00 0.00 0.00 0.00 0.00 3.18 3.11 3.03 2.96 3.07 2.98 2.90 2.81 2.72 2.83 2.88 3.78 3.82 3.86 3.90 3.95 3.99 4.04 4.09 4.13 4.19 4.24 4.31 4.45 4.58 4.72 4.86 5.00 5.15 5.29 5.43 5.57 5.72 5.86 6.00 6.14 6.28 6.42 6.56 6.69 6.82 6.95 7.08 7.20 7.32 7.44 7.55 7.66 7.76 7.86 7.95
0.00 0.00 0.00 0.00 0.00 0.00 0.00 0.00 0.00 0.00 0.00 0.00 0.00 0.00 0.00 0.00 0.00 0.00 0.00 0.00 0.00 0.00 0.00 0.00 0.00 0.00 0.00 0.00 0.00 0.00 0.00 0.00 0.00 3.15 3.06 2.98 2.91 3.05 2.96 2.87 2.77 2.68 2.93 2.96 3.88 3.92 3.97 4.01 4.06 4.10 4.15 4.20 4.25 4.31 4.36 4.42 4.48 4.59 4.74 4.88 5.03 5.18 5.32 5.47 5.62 5.77 5.92 6.06 6.21 6.35 6.50 6.64 6.78 6.91 7.05 7.18 7.30 7.42 7.54 7.66 7.77 7.88 7.98 8.07
0.00 0.00 0.00 0.00 0.00 0.00 0.00 0.00 0.00 0.00 0.00 0.00 0.00 0.00 0.00 0.00 0.00 0.00 0.00 0.00 0.00 0.00 0.00 0.00 0.00 0.00 0.00 0.00 0.00 0.00 1.39 1.33 1.27 3.11 3.03 2.94 2.86 3.03 2.94 2.84 2.74 2.64 3.03 3.06 3.98 4.03 4.07 4.12 4.17 4.22 4.27 4.32 4.38 4.43 4.49 4.55 4.61 4.68 4.75 4.90 5.05 5.21 5.36 5.51 5.67 5.82 5.97 6.13 6.28 6.43 6.58 6.72 6.87 7.01 7.14 7.28 7.41 7.54 7.66 7.78 7.89 8.00 8.10 8.20
0.00 0.00 0.00 0.00 0.00 0.00 0.00 0.00 0.00 0.00 0.00 0.00 0.00 0.00 0.00 0.00 0.00 0.00 0.00 0.00 0.00 0.00 0.00 0.00 0.00 0.00 0.00 0.00 0.00 0.00 1.48 1.43 1.37 3.08 2.99 2.90 2.81 3.03 2.92 2.82 2.72 2.61 3.13 3.17 4.09 4.13 4.18 4.23 4.28 4.33 4.39 4.44 4.50 4.56 4.62 4.69 4.75 4.82 4.89 4.96 5.08 5.24 5.40 5.56 5.72 5.88 6.04 6.20 6.35 6.51 6.66 6.81 6.96 7.11 7.25 7.39 7.52 7.65 7.78 7.90 8.02 8.13 8.24 8.34
0.00 0.00 0.00 0.00 0.00 0.00 0.00 0.00 0.00 0.00 0.00 0.00 0.00 0.00 0.00 0.00 0.00 0.00 0.00 0.00 0.00 0.00 0.00 0.00 0.00 0.00 0.00 0.13 0.14 0.21 1.58 1.53 1.48 3.06 2.96 2.87 2.77 3.02 2.92 2.81 2.70 2.59 3.24 3.28 4.19 4.24 4.29 4.34 4.39 4.45 4.51 4.57 4.63 4.69 4.76 4.82 4.89 4.97 5.04 5.12 5.19 5.28 5.44 5.61 5.77 5.94 6.10 6.27 6.43 6.59 6.75 6.91 7.06 7.22 7.36 7.51 7.65 7.78 7.91 8.03 8.15 8.27 8.38 8.48
0.00 0.00 0.00 0.00 0.00 0.00 0.00 0.00 0.00 0.00 0.00 0.00 0.00 0.00 0.00 0.00 0.00 0.00 0.00 0.00 0.00 0.00 0.00 0.00 0.00 0.00 0.00 0.24 0.23 0.27 1.69 1.64 1.59 3.04 2.94 2.84 2.74 3.03 2.92 2.81 2.69 2.58 3.35 3.39 4.30 4.35 4.40 4.46 4.51 4.57 4.63 4.69 4.76 4.83 4.89 4.97 5.04 5.12 5.19 5.28 5.36 5.44 5.53 5.66 5.83 6.00 6.18 6.35 6.52 6.68 6.85 7.01 7.17 7.33 7.48 7.63 7.77 7.91 8.05 8.18 8.30 8.41 8.53 8.63
0.00 0.00 0.00 0.00 0.00 0.00 0.00 0.00 0.00 0.00 0.00 0.00 0.00 0.00 0.00 0.00 0.00 0.00 0.00 0.00 0.00 0.00 0.00 0.00 0.00 1.99 1.99 2.00 2.01 2.02 2.04 2.07 2.10 3.03 2.93 2.82 2.71 3.04 2.93 2.81 2.70 2.62 3.46 3.50 4.40 4.46 4.51 4.57 4.63 4.69 4.76 4.82 4.89 4.96 5.04 5.11 5.19 5.27 5.35 5.44 5.53 5.62 5.71 5.81 5.90 6.07 6.25 6.43 6.61 6.78 6.95 7.12 7.29 7.45 7.61 7.76 7.91 8.06 8.19 8.33 8.45 8.57 8.68 8.79
0.00 0.00 0.00 0.00 0.00 0.00 0.00 0.00 0.00 0.00 0.00 0.00 0.00 0.00 0.00 0.00 0.00 0.00 0.00 0.00 0.00 0.00 0.00 3.67 3.71 3.75 3.79 3.83 3.88 3.93 3.97 4.03 4.08 4.14 4.19 4.25 4.31 4.38 4.44 4.51 4.58 4.65 4.73 4.80 4.88 4.96 5.04 5.12 5.20 5.28 5.37 5.45 5.54 5.63 5.71 5.80 5.89 5.97 6.06 6.17 6.32 6.47 6.62 6.77 6.92 7.07 7.21 7.36 7.50 7.64 7.78 7.91 8.05 8.17 8.30 8.42 8.53 8.64 8.75 8.85 8.95 9.05 9.13 9.22
0.00 0.00 0.00 0.00 0.00 0.00 0.00 0.00 0.00 0.00 0.00 0.00 0.00 0.00 0.00 0.00 0.00 0.00 0.00 0.00 0.00 2.62 2.66 3.77 3.81 3.85 3.90 3.94 3.99 4.04 4.09 4.15 4.20 4.26 4.32 4.38 4.44 4.51 4.58 4.65 4.72 4.79 4.87 4.95 5.02 5.11 5.19 5.27 5.36 5.44 5.53 5.62 5.75 5.89 6.03 6.17 6.31 6.45 6.58 6.72 6.85 6.99 7.12 7.24 7.37 7.49 7.60 7.72 7.82 7.93 8.03 8.13 8.22 8.31 8.40 8.52 8.64 8.76 8.87 8.97 9.07 9.17 9.26 9.34
0.00 0.00 0.00 0.00 0.00 0.00 0.00 0.00 0.00 0.00 0.00 0.00 0.00 0.00 0.00 0.00 0.00 0.00 0.00 0.00 0.00 2.73 2.78 3.88 3.92 3.97 4.01 4.06 4.11 4.16 4.21 4.27 4.33 4.39 4.45 4.51 4.58 4.64 4.71 4.79 4.86 4.94 5.02 5.10 5.18 5.26 5.35 5.43 5.52 5.61 5.70 5.79 5.91 6.05 6.19 6.34 6.48 6.62 6.76 6.90 7.04 7.17 7.30 7.43 7.56 7.68 7.80 7.91 8.02 8.13 8.23 8.33 8.42 8.51 8.59 8.67 8.76 8.88 8.99 9.09 9.20 9.29 9.38 9.47
0.00 0.00 0.00 0.00 0.00 0.00 0.00 0.00 0.00 0.00 0.00 0.00 0.00 0.00 0.00 0.00 0.00 0.00 0.00 2.73 2.76 2.84 2.89 3.99 4.03 4.08 4.13 4.18 4.23 4.28 4.34 4.39 4.45 4.52 4.58 4.65 4.71 4.78 4.86 4.93 5.01 5.09 5.17 5.25 5.34 5.42 5.51 5.60 5.69 5.78 5.87 5.97 6.08 6.22 6.37 6.52 6.66 6.81 6.95 7.09 7.23 7.37 7.50 7.63 7.76 7.88 8.00 8.12 8.23 8.34 8.45 8.59 8.73 8.86 8.99 9.12 9.24 9.35 9.46 9.57 9.67 9.77 9.86 9.94
0.00 0.00 0.00 0.00 0.00 0.00 0.00 0.00 0.00 0.00 0.00 0.00 0.00 0.00 0.00 0.00 3.90 3.90 3.90 3.91 3.91 3.92 3.93 4.10 4.15 4.20 4.25 4.30 4.35 4.41 4.46 4.52 4.59 4.65 4.72 4.78 4.86 4.93 5.00 5.08 5.16 5.24 5.33 5.41 5.50 5.59 5.68 5.77 5.87 5.96 6.06 6.15 6.25 6.40 6.55 6.70 6.85 7.00 7.15 7.29 7.43 7.57 7.71 7.84 7.97 8.10 8.22 8.34 8.45 8.55 8.66 8.75 8.85 8.96 9.09 9.22 9.34 9.46 9.58 9.68 9.79 9.89 9.98 10.07
0.00 0.00 0.00 0.00 0.00 0.00 0.00 0.00 0.00 0.00 0.00 0.00 0.00 0.00 4.95 4.94 4.92 4.90 4.88 4.87 4.85 4.84 4.82 4.81 4.79 4.78 4.77 4.76 4.75 4.74 4.74 4.73 4.73 4.79 4.86 4.93 5.00 5.08 5.16 5.24 5.32 5.40 5.49 5.58 5.67 5.76 5.86 5.95 6.05 6.15 6.25 6.35 6.45 6.59 6.75 6.90 7.05 7.21 7.36 7.50 7.65 7.79 7.93 8.07 8.20 8.33 8.45 8.57 8.68 8.79 8.89 8.98 9.07 9.16 9.24 9.33 9.46 9.58 9.70 9.81 9.91 10.01 10.11 10.20
0.00 0.00 0.00 0.00 0.00 6.04 6.08 6.81 6.84 6.87 6.90 6.93 6.96 6.99 7.02 7.05 7.08 7.11 7.14 7.17 7.20 7.24 7.27 7.30 7.33 7.36 7.39 7.42 7.44 7.47 7.50 7.53 7.60 7.66 7.72 7.79 7.85 7.91 7.97 8.02 8.08 8.14 8.19 8.24 8.29 8.34 8.39 8.43 8.47 8.51 8.54 8.58 8.61 8.63 8.66 8.68 8.70 8.72 8.73 8.74 8.75 8.76 8.76 8.77 8.77 8.76 8.76 8.81 8.92 9.03 9.13 9.23 9.32 9.40 9.48 9.57 9.71 9.84 9.97 10.12 10.27 10.41 10.54 10.66
0.00 0.00 8.39 8.48 8.58 8.68 8.78 8.87 8.97 9.08 9.18 9.28 9.38 9.48 9.59 9.69 9.79 9.90 10.00 10.10 10.20 10.31 10.41 10.50 10.60 10.70 10.79 10.88 10.97 11.06 11.14 11.22 11.30 11.38 11.44 11.51 11.57 11.63 11.68 11.73 11.77 11.81 11.84 11.87 11.89 11.91 11.92 11.92 11.92 11.92 11.91 11.90 11.88 11.85 11.82 11.79 11.76 11.72 11.67 11.62 11.57 11.52 11.46 11.41 11.35 11.28 11.22 11.15 11.08 11.01 10.94 10.87 10.80 10.72 10.65 10.58 10.50 10.43 10.44 10.62 10.79 10.94 11.08 11.20
7.99 8.20 8.50 8.59 8.69 8.79 8.89 9.00 9.10 9.21 9.31 9.42 9.52 9.63 9.74 9.85 9.95 10.06 10.17 10.28 10.38 10.49 10.60 10.70 10.80 10.90 11.00 11.10 11.19 11.28 11.37 11.46 11.54 11.61 11.69 11.76 11.82 11.88 11.94 11.98 12.03 12.07 12.10 12.13 12.15 12.17 12.18 12.18 12.18 12.17 12.16 12.15 12.12 12.10 12.07 12.03 11.99 11.95 11.90 11.85 11.79 11.73 11.67 11.61 11.54 11.48 11.41 11.34 11.26 11.19 11.11 11.04 10.96 10.88 10.81 10.73 10.65 10.75 10.96 11.16 11.34 11.51 11.67 11.80
8.11 8.32 8.60 8.70 8.81 8.91 9.02 9.12 9.23 9.34 9.45 9.56 9.67 9.78 9.89 10.01 10.12 10.23 10.34 10.46 10.57 10.68 10.79 10.90 11.01 11.11 11.22 11.32 11.42 11.51 11.61 11.70 11.78 11.86 11.94 12.01 12.08 12.14 12.20 12.25 12.30 12.34 12.37 12.40 12.42 12.44 12.45 12.45 12.45 12.44 12.43 12.41 12.38 12.35 12.32 12.28 12.23 12.19 12.13 12.08 12.02 11.96 11.89 11.82 11.75 11.68 11.60 11.53 11.45 11.38 11.34 11.30 11.25 11.21 11.16 11.11 11.06 11.29 11.52 11.75 11.95 12.14 12.31 12.45
10.14 10.23 10.31 10.40 10.48 10.55 10.62 10.69 10.76 10.82 10.88 10.94 10.99 11.04 11.08 11.12 11.16 11.19 11.22 11.24 11.29 11.40 11.50 11.61 11.70 11.80 11.89 11.98 12.07 12.15 12.23 12.31 12.38 12.44 12.50 12.55 12.60 12.65 12.68 12.72 12.74 12.77 12.78 12.79 12.79 12.79 12.78 12.77 12.75 12.73 12.70 12.68 12.65 12.62 12.58 12.54 12.49 12.43 12.38 12.32 12.25 12.18 12.11 12.04 11.96 11.88 11.80 11.72 11.64 11.57 11.52 11.48 11.43 11.38 11.33 11.33 11.60 11.87 12.13 12.38 12.61 12.82 13.01 13.16
10.98 11.09 11.20 11.31 11.42 11.53 11.64 11.75 11.87 11.98 12.09 12.20 12.31 12.42 12.52 12.63 12.73 12.84 12.94 13.03 13.13 13.22 13.31 13.40 13.48 13.56 13.63 13.70 13.76 13.82 13.87 13.92 13.96 14.00 14.03 14.05 14.06 14.07 14.08 14.07 14.07 14.05 14.03 14.00 13.96 13.92 13.88 13.83 13.77 13.71 13.64 13.57 13.50 13.42 13.34 13.25 13.16 13.07 12.98 12.88 12.78 12.68 12.58 12.48 12.38 12.27 12.17 12.06 11.96 11.85 11.75 11.66 11.60 11.55 11.57 11.89 12.20 12.50 12.80 13.08 13.34 13.57 13.78 13.95
11.61 11.72 11.83 11.95 12.06 12.18 12.29 12.40 12.52 12.63 12.74 12.86 12.97 13.08 13.19 13.29 13.40 13.50 13.60 13.69 13.79 13.88 13.96 14.05 14.12 14.20 14.27 14.33 14.39 14.44 14.48 14.52 14.56 14.58 14.60 14.62 14.62 14.62 14.62 14.60 14.58 14.55 14.52 14.48 14.44 14.38 14.33 14.27 14.20 14.13 14.05 13.97 13.88 13.79 13.70 13.61 13.51 13.41 13.31 13.20 13.10 12.99 12.88 12.77 12.66 12.55 12.44 12.33 12.22 12.11 12.00 11.89 11.79 11.78 12.13 12.48 12.83 13.18 13.51 13.83 14.13 14.40 14.63 14.82
16.27 16.26 16.23 16.20 16.16 16.12 16.06 16.00 15.94 15.87 15.79 15.71 15.62 15.53 15.44 15.34 15.23 15.13 15.02 14.91 14.80 14.68 14.57 14.45 14.39 14.47 14.54 14.61 14.67 14.72 14.77 14.81 14.85 14.88 14.90 14.91 14.92 14.92 14.91 14.90 14.88 14.85 14.81 14.77 14.72 14.66 14.60 14.54 14.46 14.39 14.31 14.22 14.13 14.04 13.94 13.84 13.73 13.63 13.52 13.41 13.30 13.19 13.07 12.96 12.84 12.72 12.61 12.49 12.38 12.26 12.14 12.03 11.97 12.33 12.72 13.12 13.52 13.91 14.29 14.66 15.00 15.31 15.57 15.79
16.60 16.58 16.56 16.52 16.48 16.43 16.38 16.31 16.24 16.17 16.09 16.00 15.91 15.81 15.71 15.60 15.49 15.38 15.27 15.15 15.03 14.91 14.79 14.66 14.66 14.75 14.82 14.90 14.96 15.02 15.07 15.12 15.16 15.19 15.21 15.22 15.23 15.23 15.22 15.21 15.18 15.15 15.11 15.07 15.02 14.96 14.89 14.82 14.74 14.66 14.57 14.48 14.38 14.28 14.18 14.07 13.96 13.85 13.74 13.62 13.50 13.38 13.26 13.14 13.02 12.90 12.78 12.66 12.53 12.41 12.30 12.23 12.48 12.91 13.35 13.80 14.25 14.70 15.14 15.56 15.96 16.31 16.62 16.86
18.09 18.04 17.98 17.92 17.85 17.77 17.68 17.59 17.50 17.39 17.29 17.18 17.06 16.94 16.82 16.70 16.57 16.44 16.30 16.17 16.03 15.90 15.76 15.62 15.48 15.34 15.20 15.20 15.27 15.33 15.39 15.44 15.48 15.51 15.53 15.55 15.56 15.56 15.55 15.53 15.50 15.47 15.43 15.38 15.32 15.26 15.19 15.11 15.03 14.94 14.85 14.75 14.65 14.54 14.43 14.32 14.20 14.08 13.96 13.84 13.71 13.59 13.46 13.34 13.21 13.08 12.95 12.82 12.70 12.57 12.50 12.57 13.03 13.51 14.00 14.51 15.03 15.55 16.06 16.55 17.01 17.42 17.77 18.05
18.45 18.40 18.33 18.26 18.19 18.10 18.01 17.92 17.81 17.71 17.59 17.47 17.35 17.23 17.10 16.96 16.83 16.69 16.55 16.41 16.27 16.12 15.98 15.83 15.69 15.54 15.43 15.51 15.59 15.66 15.72 15.77 15.81 15.85 15.87 15.89 15.90 15.90 15.89 15.87 15.84 15.80 15.76 15.71 15.65 15.58 15.50 15.42 15.33 15.24 15.14 15.03 14.92 14.81 14.69 14.57 14.45 14.32 14.19 14.06 13.93 13.80 13.67 13.53 13.40 13.26 13.14 13.01 12.89 12.79 12.71 13.09 13.60 14.13 14.69 15.27 15.86 16.46 17.05 17.62 18.15 18.64 19.05 19.37
18.82 18.76 18.70 18.62 18.54 18.45 18.36 18.25 18.14 18.03 17.91 17.78 17.65 17.52 17.38 17.24 17.10 16.95 16.81 16.66 16.51 16.36 16.20 16.05 15.90 15.75 15.76 15.84 15.92 16.00 16.06 16.12 16.16 16.20 16.23 16.25 16.26 16.25 16.24 16.22 16.19 16.15 16.11 16.05 15.98 15.91 15.83 15.74 15.64 15.54 15.44 15.32 15.21 15.09 14.96 14.83 14.70 14.57 14.43 14.29 14.15 14.02 13.89 13.77 13.64 13.51 13.38 13.25 13.12 13.01 13.09 13.62 14.18 14.77 15.40 16.06 16.73 17.42 18.10 18.77 19.40 19.96 20.44 20.82
19.21 19.15 19.08 19.00 18.91 18.82 18.71 18.60 18.49 18.36 18.23 18.10 17.96 17.82 17.68 17.53 17.38 17.22 17.07 16.91 16.75 16.59 16.43 16.27 16.11 15.99 16.09 16.19 16.27 16.35 16.42 16.48 16.53 16.57 16.60 16.62 16.63 16.63 16.62 16.60 16.56 16.52 16.47 16.41 16.34 16.26 16.17 16.07 15.97 15.86 15.75 15.63 15.50 15.37 15.24 15.10 14.96 14.82 14.70 14.57 14.45 14.32 14.18 14.05 13.91 13.77 13.63 13.49 13.35 13.31 13.56 14.14 14.76 15.43 16.13 16.87 17.64 18.43 19.23 20.00 20.73 21.38 21.94 22.37
19.62 19.55 19.48 19.39 19.30 19.19 19.08 18.97 18.84 18.71 18.57 18.43 18.28 18.13 17.98 17.82 17.66 17.50 17.33 17.17 17.00 16.83 16.67 16.50 16.33 16.34 16.45 16.55 16.64 16.73 16.80 16.87 16.92 16.96 17.00 17.02 17.03 17.03 17.01 16.99 16.95 16.91 16.85 16.78 16.71 16.62 16.52 16.42 16.31 16.19 16.07 15.94 15.81 15.67 15.53 15.41 15.29 15.17 15.04 14.91 14.77 14.63 14.48 14.33 14.19 14.04 13.89 13.74 13.76 13.83 14.03 14.67 15.35 16.08 16.86 17.70 18.57 19.48 20.39 21.28 22.12 22.85 23.45 23.92
20.05 19.98 19.89 19.80 19.70 19.59 19.47 19.34 19.21 19.07 18.92 18.77 18.61 18.45 18.29 18.12 17.95 17.78 17.61 17.43 17.26 17.08 16.91 16.73 16.57 16.70 16.82 16.93 17.03 17.12 17.20 17.27 17.33 17.38 17.41 17.43 17.44 17.44 17.43 17.40 17.36 17.31 17.25 17.18 17.09 17.00 16.90 16.79 16.67 16.54 16.41 16.27 16.14 16.04 15.93 15.80 15.68 15.54 15.40 15.25 15.10 14.95 14.79 14.63 14.47 14.31 14.15 14.25 14.33 14.39 14.49 15.17 15.92 16.72 17.59 18.52 19.51 20.54 21.58 22.58 23.49 24.25 24.81 25.22
20.50 20.42 20.33 20.23 20.12 20.00 19.87 19.74 19.59 19.44 19.29 19.12 18.96 18.79 18.61 18.44 18.26 18.07 17.89 17.71 17.52 17.33 17.15 16.96 16.94 17.08 17.20 17.32 17.43 17.53 17.62 17.69 17.76 17.81 17.85 17.87 17.88 17.88 17.86 17.84 17.79 17.74 17.67 17.59 17.50 17.40 17.29 17.17 17.04 16.90 16.79 16.70 16.59 16.48 16.35 16.22 16.08 15.93 15.77 15.61 15.45 15.28 15.11 14.94 14.76 14.65 14.77 14.87 14.94 14.99 15.02 15.66 16.49 17.40 18.36 19.37 20.42 21.58 22.74 23.84 24.75 25.35 25.58 25.61
20.97 20.88 20.79 20.68 20.56 20.43 20.29 20.15 19.99 19.83 19.66 19.49 19.31 19.13 18.95 18.76 18.57 18.37 18.18 17.98 17.79 17.59 17.40 17.20 17.33 17.47 17.61 17.74 17.86 17.96 18.06 18.14 18.21 18.27 18.31 18.34 18.35 18.34 18.33 18.29 18.25 18.19 18.11 18.03 17.93 17.82 17.70 17.57 17.46 17.38 17.29 17.19 17.07 16.94 16.80 16.65 16.49 16.33 16.16 15.98 15.80 15.62 15.44 15.25 15.19 15.33 15.45 15.53 15.60 15.63 15.64 16.27 17.19 18.19 19.27 20.40 21.55 22.65 23.83 24.98 25.76 25.83 25.47 25.86
21.46 21.37 21.26 21.15 21.02 20.88 20.73 20.57 20.41 20.24 20.06 19.87 19.68 19.49 19.29 19.09 18.89 18.68 18.48 18.27 18.06 17.86 17.65 17.56 17.73 17.89 18.04 18.18 18.30 18.42 18.52 18.61 18.69 18.75 18.80 18.83 18.84 18.83 18.82 18.78 18.73 18.66 18.58 18.49 18.38 18.26 18.13 18.08 18.01 17.93 17.82 17.71 17.57 17.43 17.27 17.11 16.93 16.75 16.56 16.37 16.17 15.98 15.78 15.77 15.94 16.08 16.18 16.26 16.30 16.32 16.31 16.86 17.86 18.95 20.13 21.38 22.63 23.78 24.82 25.96 26.44 25.63 26.82 27.54
21.98 21.88 21.77 21.64 21.50 21.35 21.19 21.02 20.84 20.66 20.46 20.27 20.06 19.85 19.64 19.43 19.21 19.00 18.78 18.56 18.34 18.13 17.91 17.97 18.15 18.32 18.48 18.64 18.78 18.90 19.02 19.11 19.20 19.26 19.31 19.34 19.36 19.35 19.33 19.29 19.24 19.16 19.07 18.97 18.85 18.77 18.74 18.68 18.60 18.51 18.39 18.26 18.11 17.94 17.77 17.58 17.39 17.19 16.98 16.77 16.56 16.34 16.39 16.59 16.75 16.88 16.98 17.04 17.07 17.06 17.03 17.40 18.47 19.65 20.93 22.28 23.63 24.79 25.65 26.80 26.94 25.78 27.21 28.82
22.53 22.42 22.29 22.16 22.01 21.84 21.67 21.49 21.29 21.09 20.89 20.67 20.46 20.23 20.01 19.78 19.55 19.32 19.09 18.86 18.63 18.40 18.19 18.39 18.59 18.78 18.95 19.12 19.27 19.41 19.54 19.64 19.73 19.81 19.86 19.90 19.91 19.91 19.88 19.84 19.78 19.70 19.60 19.48 19.45 19.44 19.39 19.33 19.24 19.12 18.99 18.84 18.67 18.49 18.29 18.08 17.87 17.65 17.42 17.19 16.95 17.03 17.27 17.48 17.64 17.77 17.85 17.89 17.89 17.86 17.80 18.11 19.01 20.26 21.62 23.07 24.51 25.68 26.30 27.51 27.61 27.35 27.35 29.49
23.10 22.98 22.85 22.70 22.54 22.36 22.17 21.97 21.77 21.55 21.33 21.10 20.86 20.63 20.39 20.14 19.90 19.66 19.41 19.17 18.92 18.68 18.62 18.84 19.05 19.26 19.45 19.63 19.80 19.95 20.09 20.20 20.30 20.38 20.44 20.48 20.50 20.49 20.47 20.42 20.35 20.26 20.16 20.16 20.17 20.15 20.10 20.02 19.91 19.78 19.63 19.46 19.26 19.06 18.84 18.61 18.37 18.12 17.87 17.62 17.69 17.99 18.25 18.46 18.62 18.73 18.79 18.81 18.78 18.72 19.13 19.53 19.84 20.89 22.18 23.70 25.23 26.48 26.76 28.08 28.53 28.50 28.84 30.17
23.71 23.58 23.44 23.27 23.09 22.90 22.70 22.48 22.26 22.02 21.78 21.54 21.29 21.03 20.77 20.52 20.26 20.00 19.74 19.48 19.22 18.97 19.07 19.31 19.54 19.76 19.97 20.17 20.35 20.52 20.67 20.80 20.91 21.00 21.07 21.11 21.13 21.12 21.09 21.03 20.96 20.88 20.90 20.94 20.95 20.92 20.86 20.76 20.64 20.49 20.31 20.11 19.89 19.66 19.41 19.16 18.89 18.62 18.34 18.37 18.74 19.06 19.33 19.54 19.69 19.79 19.83 19.81 19.75 20.12 20.67 21.11 21.43 21.71 23.02 24.18 25.75 27.15 27.77 28.39 29.35 29.37 30.04 31.40
24.36 24.21 24.05 23.87 23.68 23.47 23.25 23.01 22.77 22.52 22.26 21.99 21.72 21.45 21.18 20.90 20.62 20.35 20.07 19.80 19.53 19.27 19.53 19.79 20.05 20.29 20.52 20.74 20.94 21.13 21.29 21.44 21.56 21.66 21.73 21.77 21.79 21.79 21.75 21.70 21.64 21.66 21.74 21.78 21.79 21.75 21.67 21.56 21.42 21.24 21.04 20.81 20.56 20.30 20.02 19.73 19.44 19.14 19.04 19.49 19.89 20.24 20.52 20.74 20.88 20.95 20.96 20.91 21.00 21.70 22.32 22.82 23.17 23.34 23.87 25.24 26.01 27.56 28.65 28.65 29.63 31.13 31.28 33.28
25.04 24.88 24.71 24.51 24.30 24.07 23.82 23.57 23.30 23.03 22.75 22.47 22.18 21.88 21.59 21.29 21.00 20.71 20.41 20.12 19.84 19.73 20.02 20.30 20.58 20.85 21.10 21.34 21.56 21.77 21.95 22.11 22.25 22.36 22.44 22.49 22.51 22.50 22.48 22.45 22.43 22.57 22.66 22.70 22.70 22.65 22.55 22.42 22.25 22.05 21.81 21.55 21.27 20.97 20.66 20.34 20.01 19.68 20.22 20.73 21.17 21.55 21.85 22.06 22.19 22.24 22.21 22.10 22.62 23.31 24.00 24.58 25.00 25.19 25.13 26.61 27.92 28.55 29.02 29.93 30.26 32.68 32.96 35.13
25.76 25.59 25.40 25.18 24.94 24.69 24.43 24.15 23.86 23.57 23.26 22.96 22.64 22.33 22.01 21.70 21.38 21.07 20.80 20.65 20.49 20.30 20.53 20.84 21.14 21.43 21.71 21.98 22.22 22.45 22.66 22.84 22.99 23.11 23.20 23.26 23.28 23.29 23.29 23.24 23.41 23.56 23.65 23.69 23.68 23.62 23.51 23.35 23.15 22.91 22.64 22.34 22.02 21.68 21.33 20.97 20.60 20.92 21.53 22.10 22.59 23.00 23.32 23.54 23.65 23.66 23.57 23.69 24.37 24.86 25.42 26.16 26.75 27.06 27.02 27.18 29.50 30.56 30.61 30.34 31.72 34.19 35.10 36.14
