examples/anuga_flood/big_sydneycs800.asc
ncols         89
nrows         124
xllcorner     308938
yllcorner     6191302
cellsize      800.000000
NODATA_value  -9999
[rows 84 to 104 of 124, columns 0 to 45 of 89]
-9.999000000e+03 -9.999000000e+03 -5.528444375e+01 -6.405190507e+01 -8.656157409e+01 -9.658043327e+01 -1.060761321e+02 -9.251415068e+01 -7.586446911e+01 -5.921478754e+01 -4.256510597e+01 -2.780877475e+01 -3.496087111e+01 -3.769009724e+01 -4.041932337e+01 -4.314854951e+01 -4.629421475e+01 -5.013183673e+01 -5.396945870e+01 -5.780708068e+01 -5.367221409e+01 -3.974883771e+01 -2.531835557e+01 -1.088787342e+01 3.542608723e+00 1.797309087e+01 3.159964098e+01 4.726541754e+01 6.321232080e+01 7.926401047e+01 9.565873374e+01 1.119668474e+02 1.190458165e+02 1.235561038e+02 1.280663912e+02 1.320577418e+02 1.358192486e+02 1.381301091e+02 1.396787568e+02 1.412274045e+02 1.427760521e+02 1.442542734e+02 1.456571525e+02 1.470195350e+02 1.481258081e+02 1.484044868e+02
-9.999000000e+03 -9.999000000e+03 -6.013771579e+01 -6.963341466e+01 -7.912911353e+01 -8.862481240e+01 -9.812051127e+01 -8.317500107e+01 -6.662470652e+01 -4.997502495e+01 -3.332534338e+01 -2.339511671e+01 -3.647988230e+01 -4.956464788e+01 -5.388803548e+01 -5.661726161e+01 -5.989546589e+01 -6.373308786e+01 -6.454844862e+01 -5.652522314e+01 -4.150258743e+01 -2.561149150e+01 -1.118100936e+01 3.249472790e+00 1.767995494e+01 3.172996325e+01 4.446183427e+01 5.900150547e+01 7.494840873e+01 9.089531199e+01 1.068422152e+02 1.178743890e+02 1.211446414e+02 1.249061482e+02 1.286676550e+02 1.324291618e+02 1.354972639e+02 1.375137245e+02 1.395301850e+02 1.415466456e+02 1.432609599e+02 1.446638390e+02 1.460667181e+02 1.474695973e+02 1.485154775e+02 1.489593637e+02
-9.999000000e+03 -9.999000000e+03 -5.285206703e+01 -6.167779379e+01 -7.117349266e+01 -8.066919153e+01 -9.016489041e+01 -7.381982729e+01 -5.731102724e+01 -4.073526237e+01 -2.408558079e+01 -1.898145867e+01 -3.206622426e+01 -4.515098984e+01 -5.823575542e+01 -7.008597371e+01 -7.190521292e+01 -6.388198744e+01 -5.585876196e+01 -4.783553648e+01 -3.096197178e+01 -1.323985733e+01 2.956336857e+00 1.738681900e+01 3.181730115e+01 4.459215654e+01 5.732402756e+01 7.073759340e+01 8.668449665e+01 1.026313999e+02 1.159238181e+02 1.189624930e+02 1.220011679e+02 1.252775681e+02 1.290390749e+02 1.328005817e+02 1.348627338e+02 1.368791944e+02 1.389515605e+02 1.414963307e+02 1.436321685e+02 1.447283900e+02 1.461758157e+02 1.476232414e+02 1.489240146e+02 1.496378096e+02
-9.999000000e+03 -9.999000000e+03 -4.581527404e+01 -5.449391043e+01 -6.321787180e+01 -7.271357067e+01 -8.097345357e+01 -6.446465352e+01 -4.795585347e+01 -3.144705342e+01 -1.484581821e+01 -1.456780063e+01 -2.765256621e+01 -4.073733180e+01 -5.739003752e+01 -7.602986019e+01 -6.575587934e+01 -5.519230078e+01 -4.716907530e+01 -3.814347058e+01 -2.042135613e+01 -2.699241682e+00 1.502287277e+01 3.152416522e+01 4.472247882e+01 5.745434983e+01 7.018622084e+01 8.291809186e+01 9.842058458e+01 1.139732472e+02 1.170119221e+02 1.200505970e+02 1.230892718e+02 1.261279467e+02 1.294104948e+02 1.322117431e+02 1.345408234e+02 1.370855936e+02 1.396303638e+02 1.421751340e+02 1.441060541e+02 1.448614189e+02 1.460855280e+02 1.475329537e+02 1.487974996e+02 1.498468381e+02
-9.999000000e+03 -9.999000000e+03 -3.877848106e+01 -4.745711745e+01 -5.613575384e+01 -6.481439023e+01 -7.161827979e+01 -5.510947974e+01 -3.860067969e+01 -2.209187964e+01 -5.583079588e+00 -1.230211526e+01 -3.094193794e+01 -4.958176061e+01 -6.822158329e+01 -8.191455872e+01 -6.684160725e+01 -5.176865577e+01 -3.847938864e+01 -2.760285493e+01 -9.880740482e+00 8.049406852e+00 2.653330427e+01 4.434597821e+01 5.727857665e+01 7.021117509e+01 8.304841413e+01 9.578028515e+01 1.101566725e+02 1.150613511e+02 1.181000260e+02 1.211387009e+02 1.241467056e+02 1.271510364e+02 1.302242173e+02 1.328118638e+02 1.352196266e+02 1.377643968e+02 1.403091670e+02 1.428539372e+02 1.445799396e+02 1.453353044e+02 1.460906692e+02 1.474426660e+02 1.486709846e+02 1.497203231e+02
-9.999000000e+03 -9.999000000e+03 -3.174168808e+01 -4.042032447e+01 -4.909896086e+01 -5.777759725e+01 -6.681490742e+01 -5.349859527e+01 -3.926968895e+01 -2.504078264e+01 -1.081187632e+01 -2.204999584e+01 -4.175166975e+01 -6.041330639e+01 -7.905312907e+01 -8.300028663e+01 -6.792733515e+01 -5.285438367e+01 -3.170034866e+01 -1.569934887e+01 2.784548546e+00 2.126844596e+01 3.975234338e+01 5.643187203e+01 6.936447047e+01 8.229706891e+01 9.522966735e+01 1.081622658e+02 1.129559249e+02 1.160112456e+02 1.190155765e+02 1.220199073e+02 1.250242381e+02 1.280626884e+02 1.313221449e+02 1.340223256e+02 1.364149386e+02 1.388075515e+02 1.412001645e+02 1.435927775e+02 1.450538251e+02 1.458091899e+02 1.465645548e+02 1.473523783e+02 1.485444696e+02 1.495938081e+02
-9.999000000e+03 -9.999000000e+03 -2.470489510e+01 -3.338353149e+01 -4.206216788e+01 -5.340804663e+01 -6.484450350e+01 -6.153217612e+01 -4.730326981e+01 -3.307436350e+01 -2.008324954e+01 -3.213694226e+01 -5.045143884e+01 -7.015311275e+01 -8.985478666e+01 -7.914214367e+01 -5.294448717e+01 -2.674683067e+01 -5.491741727e-01 9.900868278e+00 1.600358766e+01 3.448748507e+01 5.297138249e+01 6.851776585e+01 8.145036429e+01 9.438296273e+01 1.032820276e+02 1.086814560e+02 1.131575226e+02 1.168887782e+02 1.198931090e+02 1.228974398e+02 1.259017706e+02 1.291606160e+02 1.324200726e+02 1.352327873e+02 1.376254003e+02 1.400180133e+02 1.422927381e+02 1.441889927e+02 1.457612959e+02 1.464882573e+02 1.472152187e+02 1.479742961e+02 1.492983007e+02 1.506412802e+02
-9.999000000e+03 -9.999000000e+03 -1.766810212e+01 -2.634673851e+01 -3.789956891e+01 -5.209036511e+01 -6.287409958e+01 -6.335818470e+01 -5.533685067e+01 -4.110794436e+01 -3.251704630e+01 -4.457073902e+01 -5.915120793e+01 -7.885288184e+01 -8.937374684e+01 -5.195368123e+01 -2.179331268e+01 4.404343815e+00 3.060200031e+01 3.606082252e+01 4.080733715e+01 4.770652419e+01 6.619042160e+01 8.060365967e+01 9.297205080e+01 9.837147927e+01 1.037709077e+02 1.091703362e+02 1.133591204e+02 1.171470355e+02 1.207706415e+02 1.237749723e+02 1.269990871e+02 1.302585437e+02 1.335180002e+02 1.364432490e+02 1.388358620e+02 1.407731178e+02 1.426693724e+02 1.445656269e+02 1.464618815e+02 1.472143377e+02 1.479412991e+02 1.491004627e+02 1.504218236e+02 1.517455424e+02
-9.999000000e+03 -9.999000000e+03 -1.063130913e+01 -2.239109119e+01 -3.658188739e+01 -5.077268360e+01 -6.090369566e+01 -6.138778078e+01 -6.187186589e+01 -4.914152521e+01 -4.495084306e+01 -5.700453578e+01 -6.905822850e+01 -8.755265093e+01 -7.216883609e+01 -3.474877048e+01 2.671295128e+00 3.555551830e+01 5.747426213e+01 6.222077676e+01 6.696729139e+01 7.171380602e+01 7.940946071e+01 8.806150249e+01 9.346093096e+01 9.886035943e+01 1.042597879e+02 1.096592164e+02 1.135607181e+02 1.173486333e+02 1.211365485e+02 1.248216058e+02 1.280815910e+02 1.313415762e+02 1.346015614e+02 1.373963289e+02 1.392534975e+02 1.411497520e+02 1.430460066e+02 1.449422612e+02 1.468385157e+02 1.479404180e+02 1.489052685e+02 1.502266293e+02 1.515479902e+02 1.528693510e+02
-9.999000000e+03 -9.999000000e+03 -1.870415089e+01 -3.320160526e+01 -4.769905962e+01 -6.219651398e+01 -6.309388516e+01 -5.944230551e+01 -5.990146197e+01 -5.717510607e+01 -5.738463982e+01 -6.943833254e+01 -8.149202526e+01 -9.238399096e+01 -5.496392535e+01 -1.754385974e+01 2.013534241e+01 5.883517752e+01 7.667817976e+01 7.754991698e+01 7.842165421e+01 7.929339144e+01 8.281914094e+01 8.844605922e+01 9.392893930e+01 9.934923960e+01 1.047486681e+02 1.099744007e+02 1.137623159e+02 1.177153154e+02 1.217277892e+02 1.257402631e+02 1.291054162e+02 1.323654013e+02 1.356253865e+02 1.379289342e+02 1.399164850e+02 1.417298590e+02 1.435432330e+02 1.453566070e+02 1.472151500e+02 1.487100742e+02 1.500314350e+02 1.511247347e+02 1.521468805e+02 1.531690263e+02
-9.999000000e+03 -9.999000000e+03 -4.594820618e+01 -6.044566054e+01 -7.494311490e+01 -7.636338151e+01 -7.323952158e+01 -6.958794192e+01 -6.593636227e+01 -6.228478261e+01 -6.139905912e+01 -6.960823506e+01 -7.781741101e+01 -6.235338001e+01 -2.741285905e+01 1.128697606e+01 4.998681116e+01 7.488344780e+01 7.319789926e+01 7.402119211e+01 7.489292934e+01 7.641524624e+01 8.288904733e+01 8.868869552e+01 9.417157560e+01 9.965445569e+01 1.051373358e+02 1.104272418e+02 1.143095111e+02 1.183219849e+02 1.223344588e+02 1.263469326e+02 1.301292413e+02 1.333892265e+02 1.361173235e+02 1.383826523e+02 1.406232670e+02 1.424366410e+02 1.442500150e+02 1.460633890e+02 1.477986679e+02 1.490591718e+02 1.497860716e+02 1.508082174e+02 1.518303632e+02 1.528525090e+02
-9.999000000e+03 -9.999000000e+03 -7.319226146e+01 -8.768971582e+01 -8.943908011e+01 -8.645913469e+01 -8.338515799e+01 -7.973357834e+01 -7.608199868e+01 -5.603628071e+01 -4.630438549e+01 -5.451356144e+01 -5.314364147e+01 -2.421599742e+01 4.711646634e+00 4.113844481e+01 7.392276942e+01 7.223722087e+01 7.055167232e+01 7.049246723e+01 7.136420446e+01 7.648515263e+01 8.295895373e+01 8.893133182e+01 9.441421191e+01 1.001576456e+02 1.061604980e+02 1.118295229e+02 1.162055284e+02 1.197295418e+02 1.232535551e+02 1.269536022e+02 1.309660760e+02 1.343057128e+02 1.365710416e+02 1.388363703e+02 1.411016991e+02 1.431434230e+02 1.449068289e+02 1.465713638e+02 1.482358988e+02 1.493912264e+02 1.498947508e+02 1.504917000e+02 1.515138458e+02 1.525359916e+02
-9.999000000e+03 -9.999000000e+03 -1.004363167e+02 -1.025147787e+02 -9.953483329e+01 -9.655488787e+01 -9.353079441e+01 -8.987921475e+01 -7.199548660e+01 -4.703452506e+01 -3.120971186e+01 -3.941888781e+01 -1.500625887e+01 1.392138518e+01 4.284902923e+01 7.177667328e+01 7.127654248e+01 6.959099394e+01 6.790544539e+01 6.696374235e+01 7.008125793e+01 7.655505903e+01 8.302886012e+01 8.940372782e+01 9.540658028e+01 1.014094327e+02 1.074122852e+02 1.129092016e+02 1.183896736e+02 1.219838151e+02 1.255078284e+02 1.290318418e+02 1.324147538e+02 1.348081829e+02 1.370756777e+02 1.393431726e+02 1.416106674e+02 1.437427209e+02 1.453440597e+02 1.470085947e+02 1.486731297e+02 1.497232809e+02 1.502268054e+02 1.507303298e+02 1.512338542e+02 1.526520342e+02
-9.999000000e+03 -9.999000000e+03 -1.434589420e+02 -1.284501550e+02 -1.134413679e+02 -1.066506411e+02 -1.036706956e+02 -8.795469249e+01 -6.299373095e+01 -3.803276941e+01 -1.611503824e+01 -5.796520330e+00 2.313112372e+01 4.239322538e+01 5.993650742e+01 6.915803283e+01 6.849866142e+01 6.685133541e+01 6.520400940e+01 6.394797887e+01 7.060438020e+01 7.741225084e+01 8.422012148e+01 9.053483166e+01 9.665836746e+01 1.026612199e+02 1.085084082e+02 1.139888802e+02 1.194693523e+02 1.242380884e+02 1.277621017e+02 1.304898288e+02 1.329814610e+02 1.353732910e+02 1.376407858e+02 1.399082807e+02 1.423139373e+02 1.443522071e+02 1.459043002e+02 1.474563934e+02 1.491103605e+02 1.500553355e+02 1.505588599e+02 1.511592264e+02 1.519515249e+02 1.530575976e+02
-9.999000000e+03 -9.999000000e+03 -2.010238849e+02 -1.860150978e+02 -1.710063108e+02 -1.559975238e+02 -1.001081108e+02 -7.245883779e+01 -4.848988975e+01 -2.452094172e+01 -2.909924398e+00 1.290199242e+01 3.044527445e+01 4.798855649e+01 6.447215316e+01 6.554997881e+01 6.568816260e+01 6.404083659e+01 6.239351058e+01 6.623707866e+01 7.194944887e+01 7.875731951e+01 8.538434177e+01 9.160225060e+01 9.782015944e+01 1.039130071e+02 1.095880868e+02 1.150685589e+02 1.205490310e+02 1.261591064e+02 1.285649038e+02 1.310565360e+02 1.335481682e+02 1.359383991e+02 1.382058939e+02 1.406036492e+02 1.430761496e+02 1.449616932e+02 1.465137864e+02 1.480658796e+02 1.496179728e+02 1.507650014e+02 1.515572998e+02 1.523495983e+02 1.531418967e+02 1.539341951e+02
-9.999000000e+03 -9.999000000e+03 -2.585888277e+02 -2.435800407e+02 -2.149978752e+02 -1.481480814e+02 -8.129828764e+01 -5.023449916e+01 -2.626555113e+01 -2.296603088e+00 7.899798509e+00 1.849732353e+01 3.604060556e+01 5.358388760e+01 6.086409914e+01 6.194192479e+01 6.287766378e+01 6.123033777e+01 6.461017029e+01 6.852617846e+01 7.329451754e+01 8.010238818e+01 8.645176071e+01 9.266966955e+01 9.888757839e+01 1.049613460e+02 1.108801793e+02 1.164931518e+02 1.221061242e+02 1.272846763e+02 1.294696931e+02 1.316547100e+02 1.341148754e+02 1.365035072e+02 1.388933611e+02 1.413658615e+02 1.438383618e+02 1.455711794e+02 1.471232726e+02 1.486753658e+02 1.497653048e+02 1.508286008e+02 1.519959448e+02 1.531927202e+02 1.543322685e+02 1.551245670e+02
-9.999000000e+03 -9.999000000e+03 -3.161537706e+02 -2.630378458e+02 -1.961880521e+02 -1.293382583e+02 -6.248846452e+01 -2.801016053e+01 -4.041212497e+00 9.434726165e+00 1.870952142e+01 2.798431667e+01 4.163593668e+01 5.617821947e+01 5.725604512e+01 5.833387078e+01 5.941169643e+01 6.298326191e+01 6.689927008e+01 7.081527825e+01 7.473128641e+01 8.130127082e+01 8.751917966e+01 9.347524850e+01 9.926761399e+01 1.052947500e+02 1.123193059e+02 1.180531420e+02 1.236661145e+02 1.283368881e+02 1.305219050e+02 1.327069219e+02 1.348919387e+02 1.371830731e+02 1.396555734e+02 1.421280737e+02 1.446005741e+02 1.461806656e+02 1.477327588e+02 1.488017022e+02 1.498675160e+02 1.509305534e+02 1.519969067e+02 1.531936821e+02 1.543904575e+02 1.555872329e+02
-9.999000000e+03 -9.999000000e+03 -3.256080838e+02 -2.498252150e+02 -1.773782290e+02 -1.105284352e+02 -4.367864140e+01 -5.785821907e+00 1.096965382e+01 2.024444907e+01 2.951924432e+01 3.879403957e+01 4.806883482e+01 5.287604898e+01 5.479689548e+01 5.671774198e+01 5.913913404e+01 6.309391219e+01 6.759244991e+01 7.209098764e+01 7.658952536e+01 8.198915103e+01 8.778151652e+01 9.357388202e+01 9.936624751e+01 1.057005905e+02 1.127251464e+02 1.196131323e+02 1.252261047e+02 1.293891000e+02 1.315741168e+02 1.337357504e+02 1.356831614e+02 1.378621761e+02 1.404177857e+02 1.428902860e+02 1.452380586e+02 1.467719685e+02 1.478380996e+02 1.489042308e+02 1.499694686e+02 1.510325059e+02 1.520955432e+02 1.531946439e+02 1.543914193e+02 1.555881947e+02
-9.999000000e+03 -9.999000000e+03 -9.999000000e+03 -2.491556838e+02 -1.733728150e+02 -9.758994611e+01 -2.486881828e+01 1.250458148e+01 2.177937673e+01 3.118406784e+01 4.062031950e+01 5.005657116e+01 5.320604423e+01 5.214850022e+01 5.406934672e+01 5.613416590e+01 5.911636871e+01 6.305927811e+01 6.737797078e+01 7.187650850e+01 7.637504623e+01 8.195801538e+01 8.788015005e+01 9.367251554e+01 9.946488103e+01 1.061064309e+02 1.131309869e+02 1.201555428e+02 1.267860950e+02 1.304413118e+02 1.324866609e+02 1.344340719e+02 1.363814828e+02 1.385129351e+02 1.410692275e+02 1.436255198e+02 1.458083659e+02 1.468744971e+02 1.479406282e+02 1.490067594e+02 1.500714211e+02 1.511344584e+02 1.521974958e+02 1.532605331e+02 1.543923812e+02 1.562738179e+02
-9.999000000e+03 -9.999000000e+03 -9.999000000e+03 -2.484861527e+02 -1.727032838e+02 -9.866609822e+01 -3.008218293e+01 2.386367416e+01 3.329992582e+01 4.273617748e+01 5.217242914e+01 6.160868080e+01 5.366775180e+01 5.142095146e+01 5.334179796e+01 5.611140057e+01 5.909360338e+01 6.303237686e+01 6.726645595e+01 7.166202937e+01 7.616056709e+01 8.185142366e+01 8.778515768e+01 9.371889170e+01 9.956351456e+01 1.065122714e+02 1.135368273e+02 1.207254821e+02 1.281530218e+02 1.312375714e+02 1.331849823e+02 1.351323933e+02 1.370798043e+02 1.391636942e+02 1.417199865e+02 1.441941034e+02 1.455616026e+02 1.469291018e+02 1.480431568e+02 1.491092880e+02 1.501733737e+02 1.512364110e+02 1.522994483e+02 1.533624856e+02 1.545545975e+02 1.579659968e+02
-9.999000000e+03 -9.999000000e+03 -9.999000000e+03 -2.547319719e+02 -1.861480566e+02 -1.175641413e+02 -4.898022602e+01 1.960368927e+01 4.485203545e+01 5.428828711e+01 6.372453877e+01 6.274277703e+01 5.412945937e+01 5.069340270e+01 5.310643244e+01 5.608863524e+01 5.907083805e+01 6.300547561e+01 6.723955470e+01 7.147363379e+01 7.594608795e+01 8.174483195e+01 8.767856597e+01 9.405671893e+01 1.014623095e+02 1.088846533e+02 1.163121929e+02 1.237397326e+02 1.293564323e+02 1.316385428e+02 1.337477303e+02 1.358307148e+02 1.377781257e+02 1.398144532e+02 1.423241116e+02 1.436916108e+02 1.450591100e+02 1.464266092e+02 1.477941084e+02 1.491616077e+02 1.504554783e+02 1.517248296e+02 1.529941810e+02 1.542635323e+02 1.558538338e+02 1.597848951e+02
