examples/anuga_flood/big_sydneycs800.asc
ncols         89
nrows         124
xllcorner     308938
yllcorner     6191302
cellsize      800.000000
NODATA_value  -9999
[rows 0 to 20 of 124, columns 0 to 45 of 89]
-9.999000000e+03 -9.999000000e+03 -9.999000000e+03 -9.999000000e+03 -9.999000000e+03 -9.999000000e+03 -9.999000000e+03 -9.999000000e+03 -9.999000000e+03 -9.999000000e+03 -9.999000000e+03 -9.999000000e+03 -9.999000000e+03 -9.999000000e+03 -9.999000000e+03 -9.999000000e+03 -9.999000000e+03 -9.999000000e+03 -9.999000000e+03 -9.999000000e+03 -9.999000000e+03 -9.999000000e+03 -9.999000000e+03 -9.999000000e+03 -9.999000000e+03 -9.999000000e+03 -9.999000000e+03 -9.999000000e+03 -9.999000000e+03 -9.999000000e+03 -9.999000000e+03 -9.999000000e+03 -9.999000000e+03 -9.999000000e+03 -9.999000000e+03 -9.999000000e+03 -9.999000000e+03 -9.999000000e+03 -9.999000000e+03 -9.999000000e+03 -9.999000000e+03 -9.999000000e+03 -9.999000000e+03 -9.999000000e+03 -9.999000000e+03 -9.999000000e+03
-9.999000000e+03 -9.999000000e+03 -9.999000000e+03 -9.999000000e+03 -9.999000000e+03 -9.999000000e+03 -9.999000000e+03 -9.999000000e+03 -9.999000000e+03 -9.999000000e+03 -9.999000000e+03 -9.999000000e+03 -9.999000000e+03 -9.999000000e+03 -9.999000000e+03 -9.999000000e+03 -9.999000000e+03 -9.999000000e+03 -9.999000000e+03 -9.999000000e+03 -9.999000000e+03 -9.999000000e+03 -1.762209863e+00 -6.289902993e+00 -1.081759612e+01 -1.534528925e+01 -1.987298238e+01 -2.440067551e+01 -2.098451617e+01 -1.290217238e+01 -4.819828591e+00 3.262515196e+00 1.134485898e+01 1.228394245e+01 -1.803840723e+01 -4.836075691e+01 -7.868310658e+01 -1.090054563e+02 -1.375731946e+02 -1.198937976e+02 -9.702345292e+01 -7.415310828e+01 -5.128276364e+01 -2.841241900e+01 -2.038030372e+01 -2.274560792e+01
-9.999000000e+03 -5.512196276e+01 -6.090624187e+01 -6.669052098e+01 -7.247480009e+01 -7.825907920e+01 -8.732200546e+01 -7.149845519e+01 -5.567490493e+01 -3.985135466e+01 -2.402780439e+01 -1.781303789e+01 -1.748356733e+01 -1.721169368e+01 -1.693982004e+01 -1.666794640e+01 -1.627976224e+01 -1.499199161e+01 -1.396410781e+01 -1.294183975e+01 -1.191957169e+01 -1.089730363e+01 -4.767640277e+00 -5.051899478e+00 -9.579592608e+00 -1.410728574e+01 -1.863497887e+01 -2.711270372e+01 -4.232581250e+01 -3.424346871e+01 -2.616112492e+01 -1.807878113e+01 -9.926181858e+00 2.705090554e+00 -4.267657856e+00 -3.459000753e+01 -6.491235721e+01 -9.394553011e+01 -1.134167871e+02 -1.004200598e+02 -7.754971517e+01 -5.467937053e+01 -3.180902588e+01 -2.027619492e+01 -1.425564968e+01 -1.202771599e+01
-9.999000000e+03 -4.153127003e+01 -4.077503723e+01 -4.655931634e+01 -5.234359545e+01 -6.360460385e+01 -7.981208957e+01 -7.219077568e+01 -5.636722542e+01 -4.054367515e+01 -2.844317973e+01 -2.798836953e+01 -2.756329400e+01 -2.729142036e+01 -2.701954671e+01 -2.674767307e+01 -2.586984206e+01 -2.458207142e+01 -2.335196428e+01 -2.232969622e+01 -2.130742816e+01 -1.899759269e+01 -1.073603827e+01 -3.813895963e+00 -8.341589093e+00 -1.286928222e+01 -1.739697535e+01 -3.161447787e+01 -4.714879700e+01 -5.558476504e+01 -4.750242125e+01 -3.942007747e+01 -2.869288109e+01 -1.606160868e+01 -3.430336271e+00 -2.081925816e+01 -5.031786567e+01 -6.978912265e+01 -8.926037962e+01 -8.094632205e+01 -5.807597741e+01 -3.520563277e+01 -2.385965881e+01 -1.451477577e+01 -8.667497210e+00 -5.967418415e+00
-9.999000000e+03 -3.859208700e+01 -2.257891959e+01 -2.642811170e+01 -3.307183859e+01 -4.927932430e+01 -6.548681002e+01 -7.288309617e+01 -5.705954590e+01 -4.123599564e+01 -3.861851137e+01 -3.816370116e+01 -3.770889096e+01 -3.737114703e+01 -3.709927339e+01 -3.674769251e+01 -3.545992188e+01 -3.417215124e+01 -3.288438060e+01 -3.171755269e+01 -3.069528463e+01 -2.496599068e+01 -1.670443627e+01 -8.442881859e+00 -7.103585578e+00 -1.163127871e+01 -2.058193290e+01 -3.611625203e+01 -5.165057115e+01 -6.718489028e+01 -6.884371758e+01 -6.009085274e+01 -4.745958033e+01 -3.482830792e+01 -2.219703551e+01 -8.427862749e+00 -2.616145821e+01 -4.563271519e+01 -6.510397216e+01 -6.147258430e+01 -3.860223966e+01 -2.744312271e+01 -1.809823967e+01 -8.753356623e+00 -3.079344737e+00 -3.792659420e-01
-9.999000000e+03 -3.565290397e+01 -1.963973656e+01 -6.296907060e+00 -1.874655904e+01 -3.495404475e+01 -5.116153046e+01 -6.736901618e+01 -5.775186639e+01 -4.924865321e+01 -4.879384301e+01 -4.833903280e+01 -4.788422260e+01 -4.745087370e+01 -4.717900006e+01 -4.633777233e+01 -4.505000169e+01 -4.376223106e+01 -4.247446042e+01 -4.118668978e+01 -3.919594309e+01 -3.093438868e+01 -2.267283427e+01 -1.441127986e+01 -6.149725444e+00 -1.039327519e+01 -2.508370706e+01 -4.061802619e+01 -5.615234531e+01 -7.168666444e+01 -8.722098356e+01 -7.730766253e+01 -5.897218729e+01 -4.063671205e+01 -2.230123681e+01 -8.320110607e+00 -1.735163057e+01 -2.638315053e+01 -4.094756470e+01 -4.199884655e+01 -3.102658660e+01 -2.168170356e+01 -1.233682052e+01 -2.991937476e+00 2.508807736e+00 5.208886531e+00
-9.999000000e+03 -3.271372093e+01 -1.670055353e+01 -6.973514961e+00 -1.432990412e+01 -2.668488956e+01 -3.903987499e+01 -5.304373663e+01 -5.987879505e+01 -5.942398485e+01 -5.896917464e+01 -5.851436444e+01 -5.805955423e+01 -5.760474403e+01 -5.721562278e+01 -5.592785215e+01 -5.464008151e+01 -5.249017430e+01 -4.822352211e+01 -4.395686992e+01 -3.904510724e+01 -3.205402234e+01 -2.505478463e+01 -1.805554692e+01 -1.105630921e+01 -1.515115840e+01 -3.246602210e+01 -4.978088581e+01 -6.709574952e+01 -8.441061322e+01 -8.621201287e+01 -7.103065016e+01 -5.451008612e+01 -3.617461088e+01 -1.783913564e+01 -8.462341270e+00 -1.749386123e+01 -2.652538119e+01 -3.615068846e+01 -4.347033007e+01 -3.314687050e+01 -2.282341093e+01 -1.249995137e+01 -2.176491802e+00 4.713505191e+00 5.091623538e+00
-9.999000000e+03 -2.977453790e+01 -1.731240208e+01 -1.803171953e+01 -2.050559784e+01 -3.286058327e+01 -4.521556870e+01 -5.757055413e+01 -5.505972373e+01 -5.296654960e+01 -5.380104582e+01 -5.463554203e+01 -5.547003825e+01 -5.630453447e+01 -5.852682056e+01 -5.426016838e+01 -4.999351619e+01 -4.572686401e+01 -4.146021182e+01 -3.798736094e+01 -3.258654639e+01 -2.584095394e+01 -1.884171623e+01 -1.184247852e+01 -6.272161090e+00 -3.064570941e+01 -4.885077097e+01 -6.616563468e+01 -8.348049839e+01 -9.219921467e+01 -7.678423110e+01 -6.161596148e+01 -4.648412314e+01 -3.135228479e+01 -1.337703447e+01 -8.604571933e+00 -1.791084458e+01 -2.886608653e+01 -3.982132847e+01 -5.077657042e+01 -4.562819791e+01 -3.530473834e+01 -2.498127877e+01 -1.002148833e+01 2.308715058e+00 2.686833405e+00
-9.999000000e+03 -2.765128920e+01 -2.837060665e+01 -2.908992409e+01 -2.980924153e+01 -3.903627698e+01 -5.139126241e+01 -5.796521751e+01 -4.856961568e+01 -3.963832975e+01 -4.047282597e+01 -4.130732219e+01 -4.214181841e+01 -4.562551733e+01 -4.945754074e+01 -4.749685809e+01 -4.323020590e+01 -3.896355372e+01 -3.549644308e+01 -3.212357231e+01 -2.612798553e+01 -1.949120825e+01 -1.262864782e+01 -5.629410115e+00 -1.883778486e+01 -4.321133318e+01 -6.523551985e+01 -8.255038355e+01 -9.818641647e+01 -8.277143290e+01 -6.735644933e+01 -5.220127280e+01 -3.706943446e+01 -2.193759611e+01 -6.805757769e+00 -1.062624264e+01 -2.158148459e+01 -3.253672654e+01 -4.349196848e+01 -5.444721043e+01 -5.810952531e+01 -4.778606575e+01 -3.563470946e+01 -1.570153695e+01 -9.607507556e-02 2.820432722e-01
-9.999000000e+03 -3.870949376e+01 -3.942881121e+01 -4.014812865e+01 -4.086744610e+01 -4.521197069e+01 -5.756695613e+01 -5.147510947e+01 -4.207950764e+01 -3.268390581e+01 -2.714460612e+01 -2.797910234e+01 -3.172352698e+01 -3.555555039e+01 -3.938757380e+01 -4.073354780e+01 -3.646689561e+01 -3.300552523e+01 -2.963265446e+01 -2.625978368e+01 -1.966942468e+01 -1.303264739e+01 -6.395870108e+00 -7.029860316e+00 -3.140340863e+01 -5.577695695e+01 -8.015050527e+01 -9.893513242e+01 -8.875863470e+01 -7.334365113e+01 -5.792866755e+01 -4.278658412e+01 -2.765474578e+01 -1.252290743e+01 -1.189691322e+01 -2.602890322e+01 -3.458605036e+01 -4.035129985e+01 -4.716260849e+01 -5.811785044e+01 -6.907309239e+01 -6.026739315e+01 -4.131475808e+01 -2.138158557e+01 -2.500865209e+00 -2.122746861e+00
-9.999000000e+03 -3.249098567e+01 -3.954699073e+01 -4.660299579e+01 -5.192565066e+01 -5.264496811e+01 -5.438060325e+01 -4.498500142e+01 -3.558939959e+01 -2.646745977e+01 -1.796453561e+01 -2.262217384e+01 -2.532648666e+01 -2.803079947e+01 -3.073511229e+01 -3.343942511e+01 -3.051460737e+01 -2.714173660e+01 -2.376886583e+01 -1.984764111e+01 -1.321086383e+01 -6.574086542e+00 -2.708997364e+00 -1.289689299e+01 -3.789183259e+01 -6.288677218e+01 -8.788171178e+01 -9.474583651e+01 -7.933085293e+01 -6.391586936e+01 -4.850373378e+01 -3.337189544e+01 -1.824005710e+01 -1.711805357e+01 -2.039069424e+01 -3.564282973e+01 -5.324455820e+01 -5.900980769e+01 -6.477505719e+01 -7.054030668e+01 -7.630555617e+01 -6.692797921e+01 -4.699480670e+01 -2.706163418e+01 -7.128461671e+00 -3.203812317e+00
-9.999000000e+03 -2.669924473e+01 -2.893996849e+01 -3.599597355e+01 -4.305197862e+01 -5.010798368e+01 -5.205990502e+01 -4.355698086e+01 -3.505405669e+01 -2.655113253e+01 -2.312748119e+01 -3.886132449e+01 -4.415699215e+01 -4.686130497e+01 -4.956561778e+01 -4.515710053e+01 -3.599613988e+01 -2.683517923e+01 -1.790507720e+01 -1.338908026e+01 -1.081641174e+01 -8.836607959e+00 -6.856804176e+00 -1.566117015e+01 -3.474779084e+01 -5.974273044e+01 -8.473767003e+01 -8.355972007e+01 -6.967305702e+01 -5.448808759e+01 -3.908904510e+01 -2.395720676e+01 -2.233919393e+01 -2.561183460e+01 -2.888447527e+01 -4.525675625e+01 -6.360120701e+01 -7.766831554e+01 -8.343356503e+01 -8.919881452e+01 -8.353348496e+01 -6.058439522e+01 -4.353031119e+01 -2.647622717e+01 -9.422143153e+00 -3.173503649e+00
-9.999000000e+03 -2.244872725e+01 -1.984518568e+01 -2.538895132e+01 -3.244495638e+01 -3.950469461e+01 -4.675257217e+01 -4.364065362e+01 -3.513772946e+01 -2.663480529e+01 -3.065155322e+01 -4.638539653e+01 -6.211923983e+01 -6.569181046e+01 -6.491419610e+01 -5.575323545e+01 -4.659227480e+01 -3.258111644e+01 -1.718215024e+01 -1.624712798e+01 -1.496421855e+01 -1.298441477e+01 -1.100461099e+01 -2.099631310e+01 -3.484925777e+01 -5.659868869e+01 -8.159362829e+01 -7.228133010e+01 -5.839466705e+01 -4.450800401e+01 -2.967435643e+01 -2.756033429e+01 -3.083297496e+01 -3.410561563e+01 -3.737825630e+01 -5.487068276e+01 -7.321513352e+01 -9.155958429e+01 -1.020920729e+02 -1.046580588e+02 -7.812459646e+01 -5.368405285e+01 -3.662996883e+01 -1.957588481e+01 -1.058013348e+01 -5.969600993e+00
-9.999000000e+03 -1.819820978e+01 -1.559466820e+01 -1.478192908e+01 -2.183793414e+01 -2.893765764e+01 -3.618553520e+01 -4.343341276e+01 -3.522140222e+01 -2.671847806e+01 -3.817562525e+01 -5.390946856e+01 -6.964331186e+01 -8.452231595e+01 -7.009869459e+01 -5.469972839e+01 -3.930076220e+01 -2.390179600e+01 -1.357222888e+01 -1.683314707e+01 -1.911202537e+01 -1.713222158e+01 -1.515241780e+01 -2.633145605e+01 -4.018440072e+01 -5.403734538e+01 -7.488960317e+01 -6.100294013e+01 -4.711627708e+01 -3.493315481e+01 -2.419809851e+01 -3.580304187e+01 -3.932675598e+01 -4.259939665e+01 -4.614015851e+01 -6.448460928e+01 -8.282906004e+01 -1.011735108e+02 -1.195179616e+02 -9.924917028e+01 -7.271570795e+01 -4.678371049e+01 -2.972962647e+01 -1.267554245e+01 -1.554127700e+01 -1.416951667e+01
-9.999000000e+03 -1.394769230e+01 -1.134415072e+01 -8.740609149e+00 -1.123091190e+01 -1.837062067e+01 -2.561849823e+01 -3.286637579e+01 -3.530507498e+01 -2.996585398e+01 -4.569969729e+01 -6.141781175e+01 -7.344151462e+01 -7.649692086e+01 -6.141937415e+01 -4.602040795e+01 -3.062144175e+01 -1.522247556e+01 -1.415824797e+01 -1.741916616e+01 -2.068008435e+01 -2.128002840e+01 -1.930022461e+01 -3.166659900e+01 -4.551954367e+01 -5.937248833e+01 -6.498462790e+01 -5.334350748e+01 -4.170238705e+01 -3.006126663e+01 -1.842014621e+01 -2.755574072e+01 -3.916068408e+01 -5.076562743e+01 -5.575408503e+01 -7.409853579e+01 -8.492052190e+01 -9.427700212e+01 -1.010954559e+02 -9.356753131e+01 -6.730681945e+01 -4.077335713e+01 -2.282928411e+01 -1.177216819e+01 -2.050242052e+01 -2.236943235e+01
-9.999000000e+03 -9.697174823e+00 -7.093633248e+00 -4.490091673e+00 -1.886550097e+00 -7.803583703e+00 -1.505146126e+01 -2.229933882e+01 -2.954721638e+01 -3.715331469e+01 -4.917701756e+01 -6.120072042e+01 -7.322442329e+01 -6.746982841e+01 -5.247428179e+01 -3.734108751e+01 -2.194212131e+01 -1.148334888e+01 -1.474426707e+01 -1.800518525e+01 -2.126610344e+01 -2.452702163e+01 -2.344803142e+01 -3.700174195e+01 -4.918730836e+01 -5.303346247e+01 -5.676993957e+01 -4.713153838e+01 -3.683049887e+01 -2.518937845e+01 -1.354825802e+01 -1.930843958e+01 -3.091338293e+01 -4.241420017e+01 -4.907493724e+01 -5.744887851e+01 -6.680535872e+01 -7.616183894e+01 -7.811642964e+01 -7.058850500e+01 -6.189793095e+01 -3.536446863e+01 -1.592894174e+01 -1.673331171e+01 -2.546356404e+01 -3.056934802e+01
-9.999000000e+03 -5.446657346e+00 -2.843115771e+00 -1.804825669e+00 -8.011506745e-01 -1.018968744e+01 -1.770173170e+01 -2.521377595e+01 -3.272582021e+01 -3.990849007e+01 -4.895992623e+01 -6.098362910e+01 -7.300733196e+01 -5.844273596e+01 -4.344718934e+01 -2.845164273e+01 -1.326280087e+01 -1.206936797e+01 -1.533028616e+01 -1.859120435e+01 -2.185212253e+01 -2.511304072e+01 -2.848394024e+01 -3.374916766e+01 -3.759532177e+01 -4.144147588e+01 -4.528762999e+01 -3.877363888e+01 -2.913523769e+01 -1.949683650e+01 -8.676369836e+00 -1.106113843e+01 -1.989234284e+01 -2.655307991e+01 -3.321381698e+01 -3.987455405e+01 -4.869019554e+01 -5.804667576e+01 -5.513740334e+01 -4.760947870e+01 -4.008155406e+01 -2.995558013e+01 -1.296420290e+01 -2.169445522e+01 -3.042470755e+01 -3.876926370e+01
-9.999000000e+03 -4.485437985e+00 -3.481762991e+00 -2.478087997e+00 -4.255076760e+00 -1.487829812e+01 -2.437246449e+01 -3.188450875e+01 -3.925897590e+01 -4.639957554e+01 -5.354017518e+01 -6.076653777e+01 -6.441119013e+01 -4.941564351e+01 -3.520759191e+01 -2.232453675e+01 -9.435195226e+00 -1.448850751e+01 -1.798012888e+01 -2.147175025e+01 -2.496337162e+01 -2.845499299e+01 -3.008659668e+01 -2.806270440e+01 -2.603881212e+01 -2.984948929e+01 -3.369564340e+01 -3.041573938e+01 -2.077733819e+01 -1.113893700e+01 -6.021415373e+00 -6.546693910e+00 -6.808110176e+00 -1.069195965e+01 -1.735269672e+01 -2.401343379e+01 -3.067417087e+01 -3.968630168e+01 -3.215837704e+01 -2.463045240e+01 -1.710252776e+01 -1.529382404e+01 -1.245380452e+01 -2.245449227e+01 -3.245518003e+01 -4.245586779e+01
-9.999000000e+03 -4.273526632e+00 -4.155025319e+00 -3.151350324e+00 -8.538416148e+00 -1.916163751e+01 -2.978485887e+01 -3.855524155e+01 -4.575006137e+01 -5.289066101e+01 -5.859902113e+01 -6.389264641e+01 -6.246887634e+01 -4.958582118e+01 -3.670276602e+01 -2.381971086e+01 -1.091810108e+01 -1.353843304e+01 -2.195225970e+01 -2.544388107e+01 -2.893550244e+01 -3.242712381e+01 -3.234947665e+01 -3.032558437e+01 -2.830169209e+01 -2.627779981e+01 -2.425390753e+01 -2.205783988e+01 -2.128514189e+01 -2.200545325e+01 -2.272576462e+01 -2.335756605e+01 -2.361898232e+01 -2.388039859e+01 -2.414181485e+01 -2.440323112e+01 -2.466464738e+01 -2.419930722e+01 -2.485092970e+01 -2.550255218e+01 -2.615417467e+01 -2.680579715e+01 -1.420347624e+01 -6.391240513e+00 -1.639192827e+01 -2.639261603e+01
-9.999000000e+03 -3.621514206e+00 -4.094806249e+00 -3.824612652e+00 -1.282175554e+01 -2.344497690e+01 -3.326848659e+01 -4.172901506e+01 -4.713268053e+01 -5.242630582e+01 -5.771993110e+01 -6.158599124e+01 -6.280392225e+01 -5.108099529e+01 -3.819794013e+01 -2.530522257e+01 -1.240100694e+01 -1.007755291e+01 -1.944655947e+01 -2.881556603e+01 -3.290763325e+01 -3.639925463e+01 -3.461235663e+01 -3.258846435e+01 -3.056457206e+01 -2.675214006e+01 -2.221904412e+01 -2.337424239e+01 -3.418583025e+01 -3.870980250e+01 -3.943011386e+01 -4.015042523e+01 -4.042985446e+01 -4.069127073e+01 -4.095268700e+01 -3.948705634e+01 -3.651652882e+01 -3.569154042e+01 -3.636290281e+01 -3.701452530e+01 -3.766614778e+01 -3.436391370e+01 -2.074408673e+01 -7.124259764e+00 -3.286765094e-01 -1.032936427e+01
-9.999000000e+03 -2.969501779e+00 -3.442793823e+00 -5.504010584e+00 -1.423510599e+01 -2.388794190e+01 -3.354077780e+01 -4.041050490e+01 -4.619396371e+01 -5.154721578e+01 -5.684084106e+01 -5.837945008e+01 -5.959738109e+01 -5.257616940e+01 -3.969234406e+01 -2.678812843e+01 -1.388391280e+01 -6.616672772e+00 -1.598567933e+01 -2.535468589e+01 -3.472369245e+01 -3.889912888e+01 -3.523234583e+01 -3.069924990e+01 -2.616615396e+01 -2.163305803e+01 -1.709996210e+01 -2.047469737e+01 -3.128628523e+01 -4.209787310e+01 -5.290946096e+01 -5.685477447e+01 -5.724072661e+01 -5.587432342e+01 -5.290379590e+01 -4.993326839e+01 -4.696274088e+01 -4.717971075e+01 -4.786152935e+01 -4.852649841e+01 -4.917812089e+01 -4.090452420e+01 -2.728469723e+01 -1.366487026e+01 -4.504329203e-02 5.733887494e+00
