examples/anuga_flood/big_sydneycs800.asc
ncols         89
nrows         124
xllcorner     308938
yllcorner     6191302
cellsize      800.000000
NODATA_value  -9999
[rows 21 to 41 of 124, columns 0 to 45 of 89]
-9.999000000e+03 -2.317489353e+00 -2.790781397e+00 -7.939372680e+00 -1.450739721e+01 -2.416023311e+01 -3.330853593e+01 -3.909199475e+01 -4.487545356e+01 -5.065891237e+01 -5.395497790e+01 -5.517290892e+01 -5.639083993e+01 -5.407134352e+01 -4.117524992e+01 -2.827103429e+01 -1.536681866e+01 -3.155792636e+00 -1.252479920e+01 -2.189380576e+01 -3.210222998e+01 -4.180325123e+01 -3.011326380e+01 -2.558016787e+01 -2.104707194e+01 -1.651397600e+01 -1.198088007e+01 -1.757515235e+01 -2.838674021e+01 -3.919832808e+01 -5.000991594e+01 -6.174784174e+01 -6.753008825e+01 -6.632053547e+01 -6.335000795e+01 -6.037948044e+01 -5.798606247e+01 -5.866788107e+01 -5.934969968e+01 -6.003151828e+01 -6.069009401e+01 -4.744513469e+01 -3.382530772e+01 -2.020548076e+01 -3.589148301e+00 1.303654346e+01
-9.999000000e+03 -1.665476927e+00 -4.223896087e+00 -1.037473478e+01 -1.652557346e+01 -2.443252433e+01 -3.199002578e+01 -3.777348459e+01 -4.563752753e+01 -5.603276910e+01 -5.914962921e+01 -5.898274114e+01 -5.881585306e+01 -5.295509264e+01 -4.265815578e+01 -2.975394015e+01 -1.684972452e+01 -3.945508889e+00 -9.063919060e+00 -1.981715372e+01 -3.314519024e+01 -4.647322676e+01 -3.740188309e+01 -2.556875865e+01 -1.592798991e+01 -1.139489398e+01 -6.861798043e+00 -1.467560733e+01 -2.548719519e+01 -3.710490210e+01 -4.992984576e+01 -6.230740985e+01 -6.557532802e+01 -6.884324619e+01 -7.211116435e+01 -7.082569249e+01 -6.947423279e+01 -7.015605140e+01 -7.083787000e+01 -6.781586468e+01 -6.238009116e+01 -4.618278837e+01 -2.955709661e+01 -1.293140485e+01 3.694286914e+00 1.634798328e+01
-9.999000000e+03 -1.013464500e+00 -6.659258183e+00 -1.281009687e+01 -1.896093556e+01 -2.484653991e+01 -3.575634168e+01 -4.615158325e+01 -5.654682481e+01 -6.694206637e+01 -6.995453004e+01 -6.978764197e+01 -6.210770039e+01 -4.608455344e+01 -3.435767648e+01 -2.451853539e+01 -1.467939431e+01 -4.840253228e+00 -7.532077472e+00 -2.086011399e+01 -3.418815051e+01 -4.751618702e+01 -4.483363939e+01 -3.300051495e+01 -2.116739052e+01 -9.334266079e+00 -1.742716016e+00 -1.246196247e+01 -2.528690613e+01 -3.811184978e+01 -5.093679343e+01 -6.035264962e+01 -6.362056779e+01 -6.688848595e+01 -7.015640412e+01 -7.038154869e+01 -6.685821667e+01 -6.251027909e+01 -5.816234152e+01 -5.381440394e+01 -4.733170504e+01 -3.889935316e+01 -2.227366140e+01 -5.647969634e+00 1.097772213e+01 1.951833381e+01
-9.999000000e+03 -2.943781591e+00 -7.688050726e+00 -1.233888185e+01 -1.698971298e+01 -2.164054411e+01 -3.810313451e+01 -5.545143170e+01 -6.745612209e+01 -7.785136365e+01 -8.075943088e+01 -7.126030814e+01 -5.523716119e+01 -3.921401424e+01 -2.594995842e+01 -1.611081734e+01 -6.271676256e+00 -7.791174509e+00 -1.808201720e+01 -2.747951841e+01 -3.687701962e+01 -4.855914729e+01 -5.226539569e+01 -4.043227125e+01 -2.874334041e+01 -1.712943960e+01 -5.515538789e+00 -1.393831805e+01 -2.634963589e+01 -3.911879746e+01 -5.194374111e+01 -5.839788939e+01 -6.051416574e+01 -5.952124947e+01 -5.852833320e+01 -5.753541693e+01 -5.365593609e+01 -4.850881836e+01 -4.416088078e+01 -3.981294320e+01 -3.228331892e+01 -2.437935416e+01 -1.499022618e+01 1.635465581e+00 1.806941993e+01 2.268868435e+01
-9.999000000e+03 -2.955915321e+00 -4.482054925e+00 -9.132886053e+00 -1.378371718e+01 -1.843454831e+01 -3.495802784e+01 -5.230632503e+01 -6.965462221e+01 -8.700291940e+01 -8.041291590e+01 -6.438976895e+01 -4.836662199e+01 -3.234347504e+01 -1.754224037e+01 -7.703099284e+00 -1.042840716e+01 -2.118065378e+01 -3.180824970e+01 -4.120575091e+01 -5.060325212e+01 -6.000075333e+01 -5.884918425e+01 -4.867092627e+01 -3.705702546e+01 -2.544312465e+01 -1.382922384e+01 -1.627998264e+01 -2.869130048e+01 -4.110261832e+01 -5.286947010e+01 -4.866095024e+01 -4.766803397e+01 -4.667511771e+01 -4.568220144e+01 -4.468928517e+01 -4.059408735e+01 -3.533965691e+01 -3.015942004e+01 -2.513889756e+01 -1.723493280e+01 -9.330968046e+00 -1.427003291e+00 8.918900796e+00 2.123977047e+01 2.580093209e+01
-9.999000000e+03 -7.011316577e+00 -6.185818019e+00 -5.926890251e+00 -1.057772138e+01 -1.522855251e+01 -3.181292117e+01 -4.916121835e+01 -6.569064575e+01 -8.044162551e+01 -7.523604481e+01 -5.869060352e+01 -4.214516222e+01 -2.559972093e+01 -9.449788889e+00 -1.306563981e+01 -2.381788643e+01 -3.457013305e+01 -4.532237966e+01 -5.493198341e+01 -6.432948463e+01 -6.431620429e+01 -6.383687667e+01 -5.418407605e+01 -4.453127544e+01 -3.375680971e+01 -2.214290890e+01 -1.862164724e+01 -3.103296507e+01 -4.265454673e+01 -5.258509002e+01 -4.996353579e+01 -3.753566559e+01 -3.382898594e+01 -3.283606967e+01 -3.184315340e+01 -2.753223860e+01 -2.227780817e+01 -1.702337774e+01 -1.665546485e+01 -8.425048155e+00 -1.946314550e-01 8.035785245e+00 1.626620194e+01 2.306325536e+01 2.667317919e+01
-9.999000000e+03 -1.106671783e+01 -1.024121928e+01 -9.415720717e+00 -8.590222159e+00 -1.202255671e+01 -2.866781450e+01 -4.358935669e+01 -5.834033644e+01 -7.309131620e+01 -7.046403467e+01 -5.391859337e+01 -3.737315208e+01 -2.082771078e+01 -1.491713497e+01 -2.593607613e+01 -3.695501729e+01 -4.795961232e+01 -5.871185893e+01 -6.837861533e+01 -6.807695635e+01 -6.777529738e+01 -6.747363840e+01 -5.917176848e+01 -4.951896786e+01 -3.986616724e+01 -3.021336662e+01 -2.096331183e+01 -3.243962335e+01 -4.237016664e+01 -5.230070993e+01 -5.451042930e+01 -4.208255910e+01 -2.965468889e+01 -1.998993791e+01 -1.899702164e+01 -1.447038986e+01 -1.361398624e+01 -1.776262163e+01 -2.191125701e+01 -1.369801489e+01 -5.467598195e+00 2.762818505e+00 1.311575588e+01 2.178559334e+01 2.604157774e+01
-9.999000000e+03 -1.529953560e+01 -1.465639371e+01 -1.401325181e+01 -1.337010991e+01 -1.300763553e+01 -2.148806762e+01 -3.623904738e+01 -5.099002713e+01 -6.574100689e+01 -6.569202452e+01 -4.914658322e+01 -3.260114193e+01 -2.516061650e+01 -2.734181113e+01 -3.836075230e+01 -4.937969346e+01 -6.039863463e+01 -6.866629026e+01 -6.852365582e+01 -7.153604944e+01 -7.123439047e+01 -7.093273149e+01 -6.415946090e+01 -5.450666028e+01 -4.485385966e+01 -3.520105904e+01 -2.245537228e+01 -3.095882068e+01 -4.208578655e+01 -5.201632984e+01 -5.905732281e+01 -4.662945261e+01 -3.420158240e+01 -2.177371220e+01 -1.039956172e+01 -1.112502995e+01 -1.527366533e+01 -1.942230071e+01 -2.357093609e+01 -1.897098163e+01 -1.074056493e+01 -5.871262605e-01 1.037904740e+01 2.050793131e+01 2.476391572e+01
-9.999000000e+03 -1.986456596e+01 -2.116112181e+01 -2.051797991e+01 -1.987483802e+01 -2.092266625e+01 -2.499590714e+01 -2.906914803e+01 -4.363971782e+01 -5.839069758e+01 -6.092001437e+01 -4.437457308e+01 -3.559548335e+01 -3.592235372e+01 -3.976648730e+01 -5.078542847e+01 -6.180436963e+01 -6.709024196e+01 -5.853347842e+01 -5.521617820e+01 -6.762322153e+01 -7.469348356e+01 -7.439182458e+01 -6.914715332e+01 -5.949435270e+01 -4.984155208e+01 -3.502735010e+01 -2.011462787e+01 -2.321788678e+01 -3.545919808e+01 -4.770050937e+01 -6.050974867e+01 -5.722229503e+01 -4.786119293e+01 -3.850009084e+01 -3.051209509e+01 -2.750786083e+01 -2.450362657e+01 -2.149939231e+01 -2.523061518e+01 -2.424394837e+01 -1.429000841e+01 -3.323834745e+00 7.642338915e+00 1.860851258e+01 2.348625370e+01
-9.999000000e+03 -2.331429566e+01 -2.531223853e+01 -2.702270801e+01 -2.637956612e+01 -2.883769697e+01 -3.291093786e+01 -3.698417875e+01 -4.105741964e+01 -5.104038827e+01 -5.614800423e+01 -4.603035020e+01 -4.635722057e+01 -4.668409094e+01 -5.219116347e+01 -6.321010464e+01 -6.551419366e+01 -5.695743012e+01 -4.840066658e+01 -4.190870058e+01 -5.431574391e+01 -6.672278723e+01 -7.785091767e+01 -7.413484574e+01 -6.251205015e+01 -4.759932792e+01 -3.268660569e+01 -1.777388346e+01 -1.547695289e+01 -2.771826418e+01 -4.060204491e+01 -5.592790901e+01 -7.125377311e+01 -6.660061995e+01 -5.723951786e+01 -5.122150397e+01 -4.821726971e+01 -4.521303545e+01 -4.220880119e+01 -3.755263079e+01 -2.615367886e+01 -1.702671689e+01 -6.060543230e+00 4.905630430e+00 1.587180409e+01 2.220859167e+01
-9.999000000e+03 -2.676402536e+01 -2.876196823e+01 -3.075991110e+01 -3.275785396e+01 -3.664862377e+01 -4.063486856e+01 -4.462111335e+01 -4.860735813e+01 -5.259360292e+01 -5.646521705e+01 -5.679208742e+01 -5.711895779e+01 -5.744582816e+01 -6.461583964e+01 -6.393814536e+01 -5.538138182e+01 -4.682461828e+01 -3.826785474e+01 -2.971109120e+01 -4.102758933e+01 -5.353376491e+01 -6.603994049e+01 -7.717950730e+01 -6.064571387e+01 -4.525858351e+01 -3.034586128e+01 -1.543313905e+01 -7.736018997e+00 -2.069434115e+01 -3.602020525e+01 -5.134606935e+01 -6.667193345e+01 -8.199779756e+01 -7.597894488e+01 -7.193091285e+01 -6.892667859e+01 -5.811897693e+01 -4.625302227e+01 -3.438706760e+01 -2.253804131e+01 -1.343665913e+01 -4.335276958e+00 4.766105217e+00 1.386748739e+01 2.187418261e+01
-9.999000000e+03 -2.730124713e+01 -2.728723030e+01 -2.727321347e+01 -2.854130948e+01 -3.620923125e+01 -4.169102730e+01 -4.567727209e+01 -4.966351687e+01 -4.896597169e+01 -4.654001830e+01 -5.363382444e+01 -6.072763059e+01 -6.782143673e+01 -6.219212442e+01 -5.330885432e+01 -4.442558423e+01 -3.554231413e+01 -2.665904404e+01 -2.279511285e+01 -2.851985149e+01 -4.102602707e+01 -5.353220265e+01 -6.631291895e+01 -6.523107608e+01 -4.869728266e+01 -3.216348923e+01 -1.562969580e+01 -2.134264151e+00 -1.749588201e+01 -3.285749987e+01 -4.821911773e+01 -6.358073560e+01 -7.894235346e+01 -8.836940763e+01 -7.868532307e+01 -6.681936841e+01 -5.495341374e+01 -4.308745907e+01 -3.122150441e+01 -1.935554974e+01 -9.821021581e+00 -7.196394064e-01 8.381742768e+00 1.623056833e+01 2.298767816e+01
-9.999000000e+03 -2.313123135e+01 -2.172690583e+01 -2.171288900e+01 -2.459875994e+01 -3.226668171e+01 -3.993460347e+01 -4.665881054e+01 -4.367494976e+01 -4.069108898e+01 -3.770722820e+01 -4.370422474e+01 -5.079803088e+01 -6.297214028e+01 -5.927557903e+01 -4.116795918e+01 -3.228468908e+01 -2.340141899e+01 -1.730537908e+01 -1.679480487e+01 -1.628423067e+01 -2.851828923e+01 -4.109871441e+01 -5.394196436e+01 -6.678521430e+01 -5.328264487e+01 -3.674885144e+01 -2.107884554e+01 -6.215518513e+00 -2.157713637e+01 -3.693875424e+01 -5.230037210e+01 -6.766198996e+01 -7.193253314e+01 -6.897762527e+01 -6.433070274e+01 -5.869690946e+01 -5.178785055e+01 -3.992189588e+01 -2.805594122e+01 -1.618998655e+01 -6.205384029e+00 2.895998145e+00 1.044182675e+01 1.725736224e+01 2.406252535e+01
-9.999000000e+03 -1.950075038e+01 -1.693206107e+01 -1.615256452e+01 -2.065621041e+01 -2.832413217e+01 -3.320819582e+01 -3.655235746e+01 -3.460178241e+01 -3.241620627e+01 -2.943234549e+01 -3.377462504e+01 -4.607444693e+01 -5.972250461e+01 -6.516436624e+01 -4.634153921e+01 -2.751871218e+01 -1.181564530e+01 -1.130507110e+01 -1.079449690e+01 -1.028392270e+01 -1.601055139e+01 -2.872775981e+01 -4.157100976e+01 -5.441425971e+01 -5.786800708e+01 -4.259142563e+01 -2.767634139e+01 -1.276125715e+01 -2.565839074e+01 -4.102000860e+01 -5.638162646e+01 -5.544198863e+01 -5.248708075e+01 -4.953217288e+01 -4.592579111e+01 -4.029199784e+01 -3.465820457e+01 -2.902441130e+01 -2.339061803e+01 -1.302442336e+01 -2.589746478e+00 4.653085177e+00 1.146862066e+01 1.828415615e+01 2.509969163e+01
-9.999000000e+03 -1.587026941e+01 -1.330158010e+01 -1.073289078e+01 -1.468157001e+01 -1.871473001e+01 -2.274789000e+01 -2.614065215e+01 -2.419007710e+01 -2.223950206e+01 -2.028892701e+01 -2.917675357e+01 -4.282481125e+01 -5.647286893e+01 -7.012092660e+01 -5.223032642e+01 -3.340749939e+01 -2.095793450e+01 -1.560481865e+01 -1.194196281e+01 -8.279106971e+00 -4.451858279e+00 -1.630787711e+01 -2.911506686e+01 -4.192225661e+01 -5.045006481e+01 -4.792205111e+01 -3.427383724e+01 -1.935875300e+01 -2.973964510e+01 -4.190635199e+01 -3.895144411e+01 -3.599653624e+01 -3.304162836e+01 -3.008672049e+01 -2.713181261e+01 -2.188708622e+01 -1.625329295e+01 -1.061949968e+01 -7.317840251e+00 -5.785050986e+00 -1.097112800e+00 5.680922526e+00 1.249541457e+01 1.931095006e+01 2.612648554e+01
-9.999000000e+03 -1.223978844e+01 -9.671099127e+00 -7.636834743e+00 -6.764631326e+00 -8.254424195e+00 -1.228758419e+01 -1.572894685e+01 -1.377837180e+01 -1.254484150e+01 -1.527898144e+01 -2.400399993e+01 -3.923569957e+01 -5.322323325e+01 -6.687129093e+01 -5.811911362e+01 -4.144888944e+01 -3.244818045e+01 -2.456589992e+01 -2.090304408e+01 -1.724018824e+01 -1.135875290e+01 -3.720608648e+00 -1.652779840e+01 -2.933498814e+01 -3.498678600e+01 -3.245877230e+01 -2.993075861e+01 -2.595624885e+01 -2.541580747e+01 -2.246089960e+01 -1.960299737e+01 -1.913489331e+01 -1.866678926e+01 -1.819868520e+01 -1.708438319e+01 -1.275220366e+01 -1.121941439e+01 -9.686625126e+00 -8.153835861e+00 -6.621046595e+00 4.949536975e-02 6.827530696e+00 1.360556602e+01 2.038360135e+01 2.716163667e+01
-9.999000000e+03 -8.609307469e+00 -6.040618156e+00 -4.974853116e+00 -4.102649699e+00 -3.230446283e+00 -2.358242867e+00 -5.317241542e+00 -5.412162787e+00 -8.146302721e+00 -1.088044266e+01 -1.838656136e+01 -3.361826099e+01 -4.884996063e+01 -6.362165525e+01 -6.400790083e+01 -5.293913539e+01 -4.393842641e+01 -3.493771743e+01 -2.986412534e+01 -2.620126950e+01 -1.826564752e+01 -9.169604526e+00 -3.940529932e+00 -1.674771968e+01 -1.952350720e+01 -1.699549350e+01 -1.719716365e+01 -2.655726488e+01 -3.232712581e+01 -3.185902175e+01 -3.139091769e+01 -3.092281364e+01 -3.045470958e+01 -2.596860052e+01 -1.293254786e+01 -1.258682620e+01 -1.205541000e+01 -1.052262074e+01 -8.989831470e+00 -5.581931787e+00 1.196103539e+00 7.974138866e+00 1.475217419e+01 2.157481117e+01 2.847607380e+01
-9.999000000e+03 -4.978826498e+00 -3.185074905e+00 -2.312871489e+00 -1.440668072e+00 -5.684646564e-01 -5.176970482e-01 -8.044944756e-01 -1.580830018e+00 -3.747763941e+00 -6.481903876e+00 -1.276912278e+01 -2.800082242e+01 -4.323252206e+01 -5.788103083e+01 -6.719109664e+01 -6.442938135e+01 -5.542867237e+01 -4.642796338e+01 -3.882520661e+01 -3.426858514e+01 -2.517254215e+01 -1.607649915e+01 -6.980456150e+00 -4.160451215e+00 -5.644127740e+00 -1.500422897e+01 -2.436433020e+01 -3.372443143e+01 -4.308453266e+01 -4.364694207e+01 -4.317883802e+01 -4.271073396e+01 -3.485281785e+01 -2.181676519e+01 -1.225564677e+01 -1.207827019e+01 -1.190089361e+01 -1.135861635e+01 -9.825827080e+00 -4.435323617e+00 2.342711709e+00 9.197766078e+00 1.609902871e+01 2.300029133e+01 3.030059750e+01
-9.999000000e+03 -1.395296694e+00 -5.510614484e-01 -8.222263881e-01 -1.093391328e+00 -1.364556267e+00 -1.635721207e+00 -1.906886147e+00 -2.641824353e+00 -3.418159896e+00 -4.194495438e+00 -4.815925065e+00 -1.565010573e+01 -2.648428640e+01 -3.731846707e+01 -4.799817513e+01 -4.952169798e+01 -5.104522083e+01 -5.256874368e+01 -4.891750036e+01 -4.117547977e+01 -3.194330660e+01 -2.139225373e+01 -1.084120085e+01 -1.486681617e+00 -8.026869935e+00 -2.077087991e+01 -3.153149675e+01 -4.089159798e+01 -5.025169921e+01 -5.543486240e+01 -5.496675834e+01 -4.373703518e+01 -3.070098251e+01 -1.766492985e+01 -1.174709077e+01 -1.156971418e+01 -1.139233760e+01 -1.121496101e+01 -1.006675077e+01 -3.179279015e+00 3.721983612e+00 1.062324624e+01 1.752450887e+01 2.442577150e+01 3.245983056e+01
-9.999000000e+03 -6.605615277e+00 -2.792483329e+00 -1.940250547e+00 -2.211415487e+00 -2.482580426e+00 -2.753745366e+00 -3.024910306e+00 -3.702818689e+00 -4.479154231e+00 -4.644461941e+00 -3.568226549e+00 -4.027231243e+00 -5.921722635e+00 -1.675590330e+01 -2.759008397e+01 -3.032877647e+01 -3.185229932e+01 -3.390076399e+01 -4.130572029e+01 -4.153492383e+01 -3.098387095e+01 -2.043281807e+01 -9.881765199e+00 -3.932948754e+00 -3.311119414e+00 -1.449282231e+01 -2.723683228e+01 -3.998084226e+01 -5.272485224e+01 -6.482726973e+01 -5.262125251e+01 -3.958519984e+01 -2.654914718e+01 -1.351309452e+01 -1.123853476e+01 -1.097557452e+01 -1.056320642e+01 -1.015083833e+01 -8.206160674e+00 -1.613205176e+00 5.147463775e+00 1.204872640e+01 1.894998903e+01 2.614128128e+01 3.461906363e+01
-9.999000000e+03 -1.747700192e+01 -1.366386997e+01 -9.850738024e+00 -6.037606075e+00 -3.600604585e+00 -3.871769525e+00 -4.142934465e+00 -4.763813024e+00 -4.870191378e+00 -3.793955986e+00 -2.717720593e+00 -2.585797722e+00 -3.335387580e+00 -4.084977438e+00 -7.027520205e+00 -1.177701712e+01 -1.918197342e+01 -2.658692972e+01 -3.212911674e+01 -3.172988021e+01 -3.002443530e+01 -1.947338242e+01 -8.922329548e+00 -6.379215891e+00 -5.757386550e+00 -8.214764707e+00 -2.095877468e+01 -3.370278466e+01 -4.410798047e+01 -5.201411249e+01 -4.253193562e+01 -3.031287341e+01 -1.809381121e+01 -1.569609159e+01 -1.002382372e+01 -9.611455619e+00 -9.199087524e+00 -8.786719428e+00 -6.215276025e+00 3.776794732e-01 6.970634971e+00 1.356359047e+01 2.037546919e+01 2.830051434e+01 3.677829669e+01
