examples/anuga_flood/big_sydneycs800.asc
ncols         89
nrows         124
xllcorner     308938
yllcorner     6191302
cellsize      800.000000
NODATA_value  -9999
[rows 63 to 83 of 124, columns 0 to 45 of 89]
-9.999000000e+03 -9.999000000e+03 -7.878572790e+00 -7.651055686e+00 -7.423538583e+00 -6.512612824e+00 -4.983985436e+00 -3.455358048e+00 -3.928313454e+00 -4.623040833e+00 -5.685416867e+00 -6.747792901e+00 -1.060432986e+01 -1.673440087e+01 -2.286447187e+01 -2.899454288e+01 -3.512461388e+01 -4.125468488e+01 -4.656999800e+01 -4.040368108e+01 -3.423736416e+01 -2.807104723e+01 -2.190473031e+01 -1.573841339e+01 -9.511883849e+00 -4.886800281e+00 -2.090282425e+00 4.435564387e-01 2.977395303e+00 4.916651659e+00 6.343666814e+00 6.250501712e+00 4.381854946e+00 -1.236497024e+00 -6.854848994e+00 -1.247320096e+01 -1.809155293e+01 -6.875588383e+00 1.352522179e+01 3.392603197e+01 5.432684214e+01 7.472765232e+01 8.134812033e+01 8.338020078e+01 8.578346681e+01 8.909741407e+01
-9.999000000e+03 -9.999000000e+03 -1.041149330e+01 -1.021666850e+01 -9.989151398e+00 -8.820390097e+00 -7.291762710e+00 -6.706581532e+00 -6.250475571e+00 -6.092289442e+00 -7.154665477e+00 -8.217041511e+00 -1.064260549e+01 -1.677267650e+01 -2.290274750e+01 -2.903281851e+01 -3.516288951e+01 -3.724718455e+01 -3.900515734e+01 -3.629219615e+01 -3.101447094e+01 -2.576463904e+01 -2.051480714e+01 -1.526497524e+01 -9.226692561e+00 -4.171504917e+00 -1.637666053e+00 8.961728105e-01 3.430011674e+00 5.647003309e+00 6.679023467e+00 4.916434941e+00 3.153846414e+00 -3.921725657e-01 -6.010524536e+00 -1.018983562e+01 -5.958244666e+00 2.283104150e+00 2.021679600e+01 3.815048786e+01 5.608417971e+01 7.539354423e+01 8.409291913e+01 8.740686640e+01 9.072081366e+01 9.403476092e+01
-9.999000000e+03 -9.999000000e+03 -1.293007560e+01 -1.277069423e+01 -1.255476421e+01 -1.112816737e+01 -1.114016630e+01 -1.156408931e+01 -1.106033614e+01 -9.919983416e+00 -8.779630689e+00 -9.686290120e+00 -1.074866615e+01 -1.681095213e+01 -2.294102313e+01 -2.834442217e+01 -2.705136357e+01 -2.575830496e+01 -3.010774908e+01 -3.198809405e+01 -2.582161223e+01 -2.040232756e+01 -1.515249566e+01 -9.902663764e+00 -4.652831866e+00 -2.893076553e+00 -8.644519063e-01 1.488643629e+00 3.882628046e+00 6.377354959e+00 5.344956695e+00 3.582368169e+00 1.819779643e+00 5.719111704e-02 5.179477676e-01 4.749538726e+00 8.981129684e+00 1.321272064e+01 3.051609698e+01 4.844978883e+01 6.638348068e+01 8.194357069e+01 8.927356169e+01 9.234421324e+01 9.565816051e+01 9.897210777e+01
-9.999000000e+03 -9.999000000e+03 -1.544865790e+01 -1.528927653e+01 -1.514982806e+01 -1.557375107e+01 -1.599767409e+01 -1.642159710e+01 -1.587019671e+01 -1.472984399e+01 -1.358949126e+01 -1.244913853e+01 -1.221791476e+01 -1.684922776e+01 -1.814860119e+01 -1.685554258e+01 -1.556248397e+01 -1.426942536e+01 -2.121034082e+01 -2.768399194e+01 -2.151751013e+01 -1.535102832e+01 -9.790184182e+00 -4.540352284e+00 7.094796141e-01 3.969917804e-01 3.650765256e-01 2.718172061e+00 5.071267596e+00 5.575618047e+00 2.293291435e+00 4.556986339e-01 -1.381894167e+00 -3.219486968e+00 9.113627605e+00 1.968891308e+01 2.392050403e+01 2.815209499e+01 4.081539795e+01 5.874908980e+01 7.483366357e+01 8.558967576e+01 9.485577433e+01 9.777368599e+01 1.006915976e+02 1.039094546e+02
-9.999000000e+03 -9.999000000e+03 -1.796724020e+01 -1.780785883e+01 -1.893210290e+01 -2.042806950e+01 -2.085518187e+01 -2.127910488e+01 -2.068005729e+01 -1.953970456e+01 -1.839935183e+01 -1.725899910e+01 -1.594233923e+01 -1.332563816e+01 -9.702700936e+00 -6.079763712e+00 -4.073604378e+00 -4.963740871e+00 -1.231293256e+01 -1.966212425e+01 -1.721340803e+01 -1.104692622e+01 -4.880444404e+00 8.219591957e-01 5.192585162e+00 3.687060114e+00 2.181535066e+00 3.947700493e+00 6.300796028e+00 3.848946475e+00 2.812587782e-02 -3.209832981e+00 -5.047425782e+00 -5.738157853e+00 7.672777011e+00 2.108371187e+01 3.449464674e+01 4.309146934e+01 5.111469892e+01 6.772375646e+01 7.847976864e+01 8.923578083e+01 9.999179302e+01 1.033558986e+02 1.062738103e+02 1.091917219e+02
-9.999000000e+03 -9.999000000e+03 -2.048582250e+01 -2.105751423e+01 -2.255348083e+01 -2.404944742e+01 -2.554541401e+01 -2.613661266e+01 -2.548991786e+01 -2.434956513e+01 -2.297518692e+01 -2.144984865e+01 -1.992451037e+01 -1.741550634e+01 -1.379256912e+01 -1.016963190e+01 -6.953608057e+00 -4.758467240e+00 -3.415524302e+00 -1.076471599e+01 -1.290930593e+01 -6.742824113e+00 -5.763423007e-01 5.590139512e+00 8.482653495e+00 6.977128447e+00 5.471603400e+00 5.177228924e+00 5.943095499e+00 2.122274902e+00 -1.698545694e+00 -5.519366291e+00 -8.712957396e+00 -7.179008448e+00 6.231926416e+00 1.964286128e+01 3.305379614e+01 4.646473101e+01 6.098264150e+01 7.136986153e+01 8.212587372e+01 9.288188590e+01 1.036378981e+02 1.089381113e+02 1.118560229e+02 1.155397936e+02
-9.999000000e+03 -9.999000000e+03 -2.318292556e+01 -2.467889215e+01 -2.617485875e+01 -2.767082534e+01 -2.916679193e+01 -3.066275853e+01 -3.000803461e+01 -2.848269634e+01 -2.695735806e+01 -2.543201979e+01 -2.390668152e+01 -2.150537453e+01 -1.788243731e+01 -1.488611087e+01 -1.341279248e+01 -1.118684783e+01 -7.495992938e+00 -3.805138044e+00 -8.605203822e+00 -2.438722010e+00 1.865543095e+00 3.384423937e+00 4.656866074e+00 5.447521382e+00 6.238176689e+00 7.028831997e+00 4.216423927e+00 3.956033302e-01 -3.425217267e+00 -7.210521249e+00 -1.092884506e+01 -7.780839514e+00 7.358423596e+00 2.249768671e+01 3.763694982e+01 5.277621293e+01 6.780068855e+01 7.761292699e+01 8.595905825e+01 9.652799098e+01 1.072840032e+02 1.145203239e+02 1.175824124e+02 1.221114759e+02
-9.999000000e+03 -9.999000000e+03 -2.496261741e+01 -2.564471134e+01 -2.632680527e+01 -2.700889919e+01 -2.769099312e+01 -2.838090440e+01 -2.922881359e+01 -2.983132389e+01 -3.043383419e+01 -2.941419094e+01 -2.788885266e+01 -2.559524272e+01 -2.281861368e+01 -2.134529529e+01 -1.987197690e+01 -1.761522843e+01 -1.392437353e+01 -1.023351864e+01 -5.272218706e+00 -4.052447945e+00 -2.533567103e+00 -1.014686261e+00 3.132481512e-01 1.103903459e+00 1.894558767e+00 6.947399311e+00 9.655132180e+00 6.551670518e+00 2.833346703e+00 -8.849771118e-01 -4.603300927e+00 2.145321512e+00 1.427939418e+01 2.941865729e+01 4.455792040e+01 5.962363595e+01 7.461873559e+01 8.562964139e+01 9.397577265e+01 1.023219039e+02 1.109301082e+02 1.201025365e+02 1.241540947e+02 1.286831582e+02
-9.999000000e+03 -9.999000000e+03 -2.239602650e+01 -2.324444589e+01 -2.392653982e+01 -2.460863375e+01 -2.529072767e+01 -2.605101551e+01 -2.695703556e+01 -2.765695911e+01 -2.825946941e+01 -2.886197971e+01 -2.946449000e+01 -3.005896318e+01 -2.927779810e+01 -2.780447972e+01 -2.633116133e+01 -2.404360902e+01 -1.913819259e+01 -1.124874116e+01 -3.522926821e+00 -5.571938186e+00 -6.932677301e+00 -5.413796459e+00 -4.030369772e+00 -3.239714464e+00 1.190838647e+00 8.791491644e+00 1.182912006e+01 1.254652832e+01 9.158890840e+00 5.440567025e+00 4.684050248e+00 1.404511800e+01 2.340618574e+01 3.633962787e+01 5.144658335e+01 6.644168300e+01 8.143678264e+01 9.364635579e+01 1.019924871e+02 1.103386183e+02 1.186847496e+02 1.248338102e+02 1.291228317e+02 1.338436138e+02
-9.999000000e+03 -9.999000000e+03 -1.971825779e+01 -2.067566295e+01 -2.152627437e+01 -2.220836830e+01 -2.289046223e+01 -2.372112661e+01 -2.462714666e+01 -2.548259433e+01 -2.608510463e+01 -2.668761493e+01 -2.743339531e+01 -2.955234344e+01 -2.931981289e+01 -2.908728234e+01 -2.885475179e+01 -2.504770755e+01 -1.722526362e+01 -9.335812185e+00 -3.380289575e+00 -5.429300940e+00 -7.478312304e+00 -9.527323668e+00 -8.373987694e+00 -4.565722016e+00 3.034930981e+00 1.063558398e+01 1.400310794e+01 1.472051620e+01 1.543792446e+01 1.176611116e+01 1.658384673e+01 2.594491448e+01 3.530598223e+01 4.469935370e+01 5.826463040e+01 7.325973004e+01 8.825482969e+01 1.016630702e+02 1.100092015e+02 1.172264588e+02 1.240440693e+02 1.285114556e+02 1.314070507e+02 1.361278328e+02
-9.999000000e+03 -9.999000000e+03 -1.704048908e+01 -1.799789425e+01 -1.895529941e+01 -1.980810285e+01 -2.049019678e+01 -2.139123771e+01 -2.229725777e+01 -2.320327782e+01 -2.391073985e+01 -2.451325015e+01 -2.696039610e+01 -2.904572371e+01 -2.881319316e+01 -2.858066261e+01 -2.709562530e+01 -2.186751804e+01 -1.531233464e+01 -7.422883210e+00 -3.237652330e+00 -5.286663694e+00 -7.335675058e+00 -9.384686422e+00 -1.096369539e+01 -2.721629683e+00 4.879023314e+00 1.247967631e+01 1.617709583e+01 1.689450408e+01 1.761191234e+01 1.913796045e+01 2.860726090e+01 3.807656135e+01 4.754586179e+01 5.701516224e+01 6.986495187e+01 8.369697540e+01 9.752899893e+01 1.086491576e+02 1.155438089e+02 1.223614193e+02 1.291790298e+02 1.321891011e+02 1.342828258e+02 1.384120519e+02
-9.999000000e+03 -9.999000000e+03 -2.581452635e+01 -2.314237048e+01 -2.047021462e+01 -1.779805875e+01 -1.815532876e+01 -1.906134881e+01 -1.996736887e+01 -2.087338893e+01 -2.173637508e+01 -2.318922538e+01 -2.648739690e+01 -2.853910397e+01 -2.830657342e+01 -2.807404287e+01 -2.396063445e+01 -1.868732853e+01 -1.215296386e+01 -5.509954234e+00 -3.095015084e+00 -5.904805364e+00 -9.741984684e+00 -1.357916400e+01 -1.146311569e+01 -1.876319509e+00 6.723115648e+00 1.432376864e+01 1.835108371e+01 1.906849196e+01 2.174677107e+01 2.879183417e+01 3.955593614e+01 5.039236988e+01 5.986167033e+01 6.933097077e+01 8.186400932e+01 9.569603285e+01 1.057928042e+02 1.132507139e+02 1.206787694e+02 1.274963799e+02 1.337730219e+02 1.358667466e+02 1.379604713e+02 1.406962709e+02
-9.999000000e+03 -9.999000000e+03 -5.518800316e+01 -5.251584729e+01 -4.984369143e+01 -3.269502832e+01 -2.200420787e+01 -2.623763640e+01 -2.529070525e+01 -2.434377411e+01 -2.339684296e+01 -2.271622617e+01 -2.601439769e+01 -2.803248423e+01 -2.779995368e+01 -2.516568387e+01 -2.082564359e+01 -1.550713902e+01 -8.972774349e+00 -2.962357273e+00 -6.476017325e+00 -1.031319664e+01 -1.415037596e+01 -1.798755528e+01 -1.196253598e+01 -2.375739804e+00 7.211056373e+00 1.616786098e+01 2.052507159e+01 2.457281647e+01 3.161787957e+01 3.866294268e+01 4.814409131e+01 5.988208412e+01 7.162007694e+01 8.164677931e+01 9.386306676e+01 1.029364508e+02 1.103943605e+02 1.178522702e+02 1.253101800e+02 1.326313404e+02 1.374506673e+02 1.395443920e+02 1.413392102e+02 1.426124882e+02
-9.999000000e+03 -9.999000000e+03 -8.456147997e+01 -8.188932410e+01 -5.723397817e+01 -2.493830876e+01 -2.094771715e+01 -3.661114098e+01 -3.566420984e+01 -3.471727869e+01 -3.270393550e+01 -2.463858224e+01 -2.554139848e+01 -2.752586449e+01 -2.637073329e+01 -2.203069302e+01 -1.769065274e+01 -1.232694951e+01 -5.792584840e+00 -1.385481506e+01 -1.557190367e+01 -1.472158793e+01 -1.855876724e+01 -2.204875245e+01 -1.246195627e+01 -2.875160098e+00 6.711636078e+00 1.629843225e+01 2.739886187e+01 3.444392497e+01 4.148898808e+01 4.853405118e+01 5.673224648e+01 6.847023930e+01 8.020823211e+01 9.194622492e+01 1.002731238e+02 1.077337128e+02 1.151943018e+02 1.226548908e+02 1.301154798e+02 1.375760688e+02 1.397782175e+02 1.410514954e+02 1.423247734e+02 1.435937366e+02
-9.999000000e+03 -9.999000000e+03 -1.139349568e+02 -8.177292802e+01 -4.947725861e+01 -1.718158920e+01 -1.989122644e+01 -3.681521139e+01 -4.603771442e+01 -4.509078327e+01 -4.096936074e+01 -3.290400748e+01 -2.506839927e+01 -2.701924476e+01 -2.323574244e+01 -1.889570217e+01 -1.455566189e+01 -9.146760003e+00 -1.246589136e+01 -2.474727285e+01 -2.661833026e+01 -2.190761572e+01 -2.296715853e+01 -2.254817274e+01 -1.296137657e+01 -3.526839465e+00 2.389274883e+00 8.305389231e+00 3.069786776e+01 4.269835677e+01 5.136009658e+01 5.840515969e+01 6.545022279e+01 7.705839447e+01 8.879638728e+01 9.820302903e+01 1.056045298e+02 1.130097820e+02 1.204703710e+02 1.279309600e+02 1.353915490e+02 1.387680821e+02 1.404633179e+02 1.420370586e+02 1.433103366e+02 1.445543199e+02
-9.999000000e+03 -9.999000000e+03 -1.060652602e+02 -7.401620846e+01 -4.172053905e+01 -9.424869641e+00 -1.883473573e+01 -3.575872068e+01 -5.268270562e+01 -5.546428786e+01 -4.923478598e+01 -4.116943272e+01 -3.310407946e+01 -2.520070836e+01 -2.010075159e+01 -1.576071131e+01 -1.142067104e+01 -1.107696765e+01 -2.335834915e+01 -3.563973064e+01 -3.766475684e+01 -3.295404230e+01 -2.824332777e+01 -2.349510028e+01 -1.757898593e+01 -1.166287158e+01 -5.746757232e+00 5.547401709e+00 2.947098782e+01 4.560060966e+01 5.760109867e+01 6.827626819e+01 7.532133129e+01 8.564654964e+01 9.614728438e+01 1.035487852e+02 1.109502860e+02 1.183517868e+02 1.257532876e+02 1.332070292e+02 1.376231382e+02 1.393183740e+02 1.410136099e+02 1.427088457e+02 1.442958997e+02 1.455149032e+02
-9.999000000e+03 -9.999000000e+03 -9.760179076e+01 -6.570735174e+01 -3.381291272e+01 -1.668150082e+00 -1.777824502e+01 -3.470222997e+01 -5.162621491e+01 -6.556556447e+01 -5.459845710e+01 -4.256102047e+01 -3.052358385e+01 -2.619751891e+01 -2.284915765e+01 -1.774256489e+01 -1.263597213e+01 -2.055880783e+01 -3.425080694e+01 -4.653218843e+01 -4.871118342e+01 -4.400046889e+01 -3.344858559e+01 -2.227551504e+01 -2.222137956e+01 -1.979890369e+01 -1.388278935e+01 4.312184833e+00 2.823577094e+01 4.850286255e+01 6.050335156e+01 7.250384057e+01 8.450432958e+01 9.409153973e+01 1.014930405e+02 1.088945414e+02 1.162960422e+02 1.235414931e+02 1.307742817e+02 1.366443331e+02 1.383186382e+02 1.399746990e+02 1.416307599e+02 1.432868207e+02 1.449543735e+02 1.464754865e+02
-9.999000000e+03 -9.999000000e+03 -8.913832136e+01 -5.724388234e+01 -2.534944332e+01 -1.606605576e+01 -3.514161552e+01 -5.346617904e+01 -7.179074255e+01 -6.547217348e+01 -5.161420034e+01 -3.957676371e+01 -2.753932709e+01 -2.618812972e+01 -2.494108036e+01 -2.049760694e+01 -1.539101418e+01 -2.675616851e+01 -4.245984357e+01 -5.742464622e+01 -5.975761000e+01 -4.631845970e+01 -3.261159802e+01 -1.890473634e+01 -1.197598779e+01 -1.192185231e+01 -1.186771683e+01 4.058815138e+00 2.700055407e+01 5.092414018e+01 6.340560444e+01 7.540609345e+01 8.908959291e+01 9.899915856e+01 1.056988206e+02 1.129316093e+02 1.201643979e+02 1.273971866e+02 1.346299753e+02 1.376972403e+02 1.394456311e+02 1.411084651e+02 1.427645259e+02 1.444205868e+02 1.459728596e+02 1.468458092e+02
-9.999000000e+03 -9.999000000e+03 -8.067485196e+01 -4.878041294e+01 -1.688597392e+01 -3.931735260e+01 -5.971225030e+01 -7.803681382e+01 -8.283866882e+01 -6.504571287e+01 -4.862994357e+01 -3.659250695e+01 -2.742578990e+01 -2.617874053e+01 -2.493169117e+01 -2.325264900e+01 -1.814605624e+01 -3.295352920e+01 -4.865720426e+01 -6.172654222e+01 -5.894339202e+01 -4.548147214e+01 -3.177461046e+01 -1.806774878e+01 -4.360887094e+00 -1.676460537e+00 -1.622325058e+00 1.528311990e+01 3.301862186e+01 5.075412381e+01 6.749006328e+01 8.310083086e+01 9.871159844e+01 1.051383949e+02 1.096486822e+02 1.167873028e+02 1.240200915e+02 1.312528801e+02 1.370017566e+02 1.387501474e+02 1.404985382e+02 1.422422312e+02 1.438982920e+02 1.453759074e+02 1.465207355e+02 1.472354786e+02
-9.999000000e+03 -9.999000000e+03 -7.221138255e+01 -4.031694353e+01 -4.005898041e+01 -6.256864944e+01 -8.428288508e+01 -1.002051642e+02 -8.241220821e+01 -6.461925225e+01 -4.682629629e+01 -3.360825019e+01 -2.741640071e+01 -2.616935135e+01 -2.492230198e+01 -2.367525262e+01 -2.344721483e+01 -3.674992628e+01 -4.824745914e+01 -5.974499200e+01 -5.718633271e+01 -4.390873771e+01 -3.063114270e+01 -1.723076121e+01 -3.523899529e+00 8.568931234e+00 8.771922714e+00 2.650742467e+01 4.424292662e+01 6.081593057e+01 7.711206881e+01 9.272283639e+01 1.067673439e+02 1.112776312e+02 1.157879185e+02 1.206429964e+02 1.278757850e+02 1.351085737e+02 1.380546638e+02 1.398030546e+02 1.415514454e+02 1.432998362e+02 1.447789552e+02 1.459237833e+02 1.470686114e+02 1.476251480e+02
-9.999000000e+03 -9.999000000e+03 -6.374791315e+01 -4.080060823e+01 -6.331027725e+01 -8.581994628e+01 -1.083296153e+02 -9.977870355e+01 -8.198574759e+01 -6.419279163e+01 -4.639983568e+01 -3.062399342e+01 -2.740701152e+01 -2.615996216e+01 -2.695061127e+01 -2.967983740e+01 -3.269296362e+01 -3.653058559e+01 -4.626590891e+01 -5.776344177e+01 -5.542927340e+01 -4.215167840e+01 -2.887408339e+01 -1.559648839e+01 -2.318893383e+00 1.101994972e+01 1.999622748e+01 3.725052398e+01 5.364524725e+01 7.003997052e+01 8.643469379e+01 1.023448419e+02 1.129065802e+02 1.174168675e+02 1.219271548e+02 1.264374422e+02 1.317314785e+02 1.373591801e+02 1.391075709e+02 1.407388561e+02 1.422875038e+02 1.438361515e+02 1.452475869e+02 1.464716591e+02 1.476164872e+02 1.480148174e+02
